0	    5.000013510198187e-01
1	    1.500003084993295e+00
2	    2.500004128478395e+00
3	    3.500004906118193e+00
4	    4.500005304589649e+00
5	    5.500005635303751e+00
6	    6.500005478255844e+00
7	    7.500005115480235e+00
8	    8.500004610368705e+00
9	    9.500003599214324e+00
10	    1.050000203799755e+01
11	    1.150000035227094e+01
12	    1.249999808555913e+01
13	    1.349999520539313e+01
14	    1.449999165301961e+01
15	    1.549998734885776e+01
16	    1.649998298803439e+01
17	    1.749997787169377e+01
18	    1.849997196718505e+01
19	    1.949996523139816e+01
20	    2.049995761167338e+01
21	    2.149994993992550e+01
22	    2.249994049566340e+01
23	    2.349993095608625e+01
24	    2.449992040542384e+01
25	    2.549990793418146e+01
26	    2.649989531014398e+01
27	    2.749988157843291e+01
28	    2.849986670266844e+01
29	    2.949985064319662e+01
30	    3.049983335754405e+01
31	    3.149981480596580e+01
32	    3.249979615361553e+01
33	    3.349977519387721e+01
34	    3.449975330554480e+01
35	    3.549973286631030e+01
36	    3.649971486752293e+01
37	    3.749971172105688e+01
38	    3.849974788022337e+01
39	    3.949989420893871e+01
40	    4.050030924604471e+01
41	    4.150134872602393e+01
42	    4.250372202409380e+01
43	    4.350873423813937e+01
44	    4.451854422036376e+01
45	    4.553634197268366e+01
46	    4.656626980900000e+01
47	    4.761303621157822e+01
