-10.000  7.03019753e-23  4.94236773e-45  0.00000000e+00   50.000000
 -9.967  1.48399482e-22  2.20224061e-44  0.00000000e+00   49.667222
 -9.933  2.42849495e-22  5.89758771e-44  0.00000000e+00   49.335556
 -9.900  3.63881612e-22  1.32409828e-43  0.00000000e+00   49.005000
 -9.867  5.24474342e-22  2.75073335e-43  0.00000000e+00   48.675556
 -9.833  7.41697938e-22  5.50115832e-43  0.00000000e+00   48.347222
 -9.800  1.03845787e-21  1.07839475e-42  0.00000000e+00   48.020000
 -9.767  1.44580979e-21  2.09036595e-42  0.00000000e+00   47.693889
 -9.733  2.00606979e-21  4.02431599e-42  0.00000000e+00   47.368889
 -9.700  2.77701724e-21  7.71182474e-42  0.00000000e+00   47.045000
 -9.667  3.83758816e-21  1.47270829e-41  0.00000000e+00   46.722222
 -9.633  5.29559341e-21  2.80433096e-41  0.00000000e+00   46.400556
 -9.600  7.29818008e-21  5.32634325e-41  0.00000000e+00   46.080000
 -9.567  1.00460017e-20  1.00922150e-40  0.00000000e+00   45.760556
 -9.533  1.38123949e-20  1.90782253e-40  0.00000000e+00   45.442222
 -9.500  1.89693048e-20  3.59834524e-40  0.00000000e+00   45.125000
 -9.467  2.60222944e-20  6.77159805e-40  0.00000000e+00   44.808889
 -9.433  3.56577688e-20  1.27147648e-39  0.00000000e+00   44.493889
 -9.400  4.88066007e-20  2.38208427e-39  0.00000000e+00   44.180000
 -9.367  6.67297530e-20  4.45285993e-39  0.00000000e+00   43.867222
 -9.333  9.11333700e-20  8.30529112e-39  0.00000000e+00   43.555556
 -9.300  1.24323294e-19  1.54562815e-38  0.00000000e+00   43.245000
 -9.267  1.69412273e-19  2.87005182e-38  0.00000000e+00   42.935556
 -9.233  2.30597486e-19  5.31752006e-38  0.00000000e+00   42.627222
 -9.200  3.13531832e-19  9.83022098e-38  0.00000000e+00   42.320000
 -9.167  4.25820046e-19  1.81322711e-37  0.00000000e+00   42.013889
 -9.133  5.77680841e-19  3.33715154e-37  0.00000000e+00   41.708889
 -9.100  7.82829587e-19  6.12822162e-37  0.00000000e+00   41.405000
 -9.067  1.05965358e-18  1.12286570e-36  0.00000000e+00   41.102222
 -9.033  1.43277500e-18  2.05284420e-36  0.00000000e+00   40.800556
 -9.000  1.93512710e-18  3.74471688e-36  0.00000000e+00   40.500000
 -8.967  2.61070864e-18  6.81579961e-36  0.00000000e+00   40.200556
 -8.933  3.51823410e-18  1.23779712e-35  0.00000000e+00   39.902222
 -8.900  4.73596490e-18  2.24293635e-35  0.00000000e+00   39.605000
 -8.867  6.36809643e-18  4.05526522e-35  0.00000000e+00   39.308889
 -8.833  8.55319166e-18  7.31570876e-35  0.00000000e+00   39.013889
 -8.800  1.14753038e-17  1.31682598e-34  0.00000000e+00   38.720000
 -8.767  1.53786283e-17  2.36502207e-34  0.00000000e+00   38.427222
 -8.733  2.05867800e-17  4.23815510e-34  0.00000000e+00   38.135556
 -8.700  2.75281271e-17  7.57797781e-34  0.00000000e+00   37.845000
 -8.667  3.67690429e-17  1.35196252e-33  0.00000000e+00   37.555556
 -8.633  4.90574991e-17  2.40663822e-33  0.00000000e+00   37.267222
 -8.600  6.53801487e-17  4.27456385e-33  0.00000000e+00   36.980000
 -8.567  8.70369820e-17  7.57543624e-33  0.00000000e+00   36.693889
 -8.533  1.15738850e-16  1.33954814e-32  0.00000000e+00   36.408889
 -8.500  1.53734707e-16  2.36343602e-32  0.00000000e+00   36.125000
 -8.467  2.03977426e-16  4.16067904e-32  0.00000000e+00   35.842222
 -8.433  2.70339628e-16  7.30835147e-32  0.00000000e+00   35.560556
 -8.400  3.57894266e-16  1.28088305e-31  0.00000000e+00   35.280000
 -8.367  4.73278952e-16  2.23992966e-31  0.00000000e+00   35.000556
 -8.333  6.25168467e-16  3.90835612e-31  0.00000000e+00   34.722222
 -8.300  8.24886816e-16  6.80438258e-31  0.00000000e+00   34.445000
 -8.267  1.08719910e-15  1.18200188e-30  0.00000000e+00   34.168889
 -8.233  1.43133480e-15  2.04871932e-30  0.00000000e+00   33.893889
 -8.200  1.88230850e-15  3.54308530e-30  0.00000000e+00   33.620000
 -8.167  2.47262241e-15  6.11386161e-30  0.00000000e+00   33.347222
 -8.133  3.24445852e-15  1.05265111e-29  0.00000000e+00   33.075556
 -8.100  4.25249760e-15  1.80837358e-29  0.00000000e+00   32.805000
 -8.067  5.56754011e-15  3.09975029e-29  0.00000000e+00   32.535556
 -8.033  7.28115136e-15  5.30151652e-29  0.00000000e+00   32.267222
 -8.000  9.51161345e-15  9.04707903e-29  0.00000000e+00   32.000000
 -7.967  1.24115423e-14  1.54046383e-28  0.00000000e+00   31.733889
 -7.933  1.61776242e-14  2.61715525e-28  0.00000000e+00   31.468889
 -7.900  2.10630453e-14  4.43651876e-28  0.00000000e+00   31.205000
 -7.867  2.73933413e-14  7.50395149e-28  0.00000000e+00   30.942222
 -7.833  3.55865828e-14  1.26640487e-27  0.00000000e+00   30.680556
 -7.800  4.61790500e-14  2.13250465e-27  0.00000000e+00   30.420000
 -7.767  5.98578525e-14  3.58296251e-27  0.00000000e+00   30.160556
 -7.733  7.75023196e-14  6.00660954e-27  0.00000000e+00   29.902222
 -7.700  1.00236455e-13  1.00473470e-26  0.00000000e+00   29.645000
 -7.667  1.29495338e-13  1.67690425e-26  0.00000000e+00   29.388889
 -7.633  1.67109060e-13  2.79254379e-26  0.00000000e+00   29.133889
 -7.600  2.15408726e-13  4.64009191e-26  0.00000000e+00   28.880000
 -7.567  2.77360122e-13  7.69286373e-26  0.00000000e+00   28.627222
 -7.533  3.56732092e-13  1.27257786e-25  0.00000000e+00   28.375556
 -7.500  4.58308356e-13  2.10046549e-25  0.00000000e+00   28.125000
 -7.467  5.88153659e-13  3.45924727e-25  0.00000000e+00   27.875556
 -7.433  7.53947777e-13  5.68437251e-25  0.00000000e+00   27.627222
 -7.400  9.65404149e-13  9.32005172e-25  0.00000000e+00   27.380000
 -7.367  1.23479395e-12  1.52471609e-24  0.00000000e+00   27.133889
 -7.333  1.57760131e-12  2.48882588e-24  0.00000000e+00   26.888889
 -7.300  2.01334156e-12  4.05354422e-24  0.00000000e+00   26.645000
 -7.267  2.56658170e-12  6.58734163e-24  0.00000000e+00   26.402222
 -7.233  3.26821159e-12  1.06812070e-23  0.00000000e+00   26.160556
 -7.200  4.15702535e-12  1.72808598e-23  0.00000000e+00   25.920000
 -7.167  5.28168647e-12  2.78962119e-23  0.00000000e+00   25.680556
 -7.133  6.70316635e-12  4.49324391e-23  0.00000000e+00   25.442222
 -7.100  8.49776692e-12  7.22120426e-23  0.00000000e+00   25.205000
 -7.067  1.07608622e-11  1.15796155e-22  0.00000000e+00   24.968889
 -7.033  1.36115243e-11  1.85273592e-22  0.00000000e+00   24.733889
 -7.000  1.71982355e-11  2.95779303e-22  0.00000000e+00   24.500000
 -6.967  2.17059330e-11  4.71147528e-22  0.00000000e+00   24.267222
 -6.933  2.73646857e-11  7.48826023e-22  0.00000000e+00   24.035556
 -6.900  3.44603678e-11  1.18751695e-21  0.00000000e+00   23.805000
 -6.867  4.33477731e-11  1.87902943e-21  0.00000000e+00   23.575556
 -6.833  5.44667063e-11  2.96662209e-21  0.00000000e+00   23.347222
 -6.800  6.83617032e-11  4.67332247e-21  0.00000000e+00   23.120000
 -6.767  8.57061674e-11  7.34554714e-21  0.00000000e+00   22.893889
 -6.733  1.07331875e-10  1.15201313e-20  0.00000000e+00   22.668889
 -6.700  1.34264994e-10  1.80270885e-20  0.00000000e+00   22.445000
 -6.667  1.67770004e-10  2.81467743e-20  0.00000000e+00   22.222222
 -6.633  2.09403182e-10  4.38496925e-20  0.00000000e+00   22.000556
 -6.600  2.61077640e-10  6.81615338e-20  0.00000000e+00   21.780000
 -6.567  3.25142334e-10  1.05717538e-19  0.00000000e+00   21.560556
 -6.533  4.04477905e-10  1.63602375e-19  0.00000000e+00   21.342222
 -6.500  5.02612779e-10  2.52619606e-19  0.00000000e+00   21.125000
 -6.467  6.23863665e-10  3.89205873e-19  0.00000000e+00   20.908889
 -6.433  7.73505310e-10  5.98310465e-19  0.00000000e+00   20.693889
 -6.400  9.57975382e-10  9.17716833e-19  0.00000000e+00   20.480000
 -6.367  1.18512140e-09  1.40451273e-18  0.00000000e+00   20.267222
 -6.333  1.46449797e-09  2.14475430e-18  0.00000000e+00   20.055556
 -6.300  1.80772411e-09  3.26786644e-18  0.00000000e+00   19.845000
 -6.267  2.22891223e-09  4.96804974e-18  0.00000000e+00   19.635556
 -6.233  2.74518255e-09  7.53602721e-18  0.00000000e+00   19.427222
 -6.200  3.37727895e-09  1.14060131e-17  0.00000000e+00   19.220000
 -6.167  4.15030564e-09  1.72250369e-17  0.00000000e+00   19.013889
 -6.133  5.09460680e-09  2.59550185e-17  0.00000000e+00   18.808889
 -6.100  6.24681588e-09  3.90227086e-17  0.00000000e+00   18.605000
 -6.067  7.65110538e-09  5.85394135e-17  0.00000000e+00   18.402222
 -6.033  9.36067367e-09  8.76222116e-17  0.00000000e+00   18.200556
 -6.000  1.14395113e-08  1.30862418e-16  0.00000000e+00   18.000000
 -5.967  1.39644965e-08  1.95007162e-16  0.00000000e+00   17.800556
 -5.933  1.70278782e-08  2.89948636e-16  0.00000000e+00   17.602222
 -5.900  2.07402140e-08  4.30156478e-16  0.00000000e+00   17.405000
 -5.867  2.52338419e-08  6.36746776e-16  0.00000000e+00   17.208889
 -5.833  3.06669769e-08  9.40463469e-16  0.00000000e+00   17.013889
 -5.800  3.72285395e-08  1.38596415e-15  0.00000000e+00   16.820000
 -5.767  4.51438378e-08  2.03796609e-15  0.00000000e+00   16.627222
 -5.733  5.46812457e-08  2.99003864e-15  0.00000000e+00   16.435556
 -5.700  6.61600415e-08  4.37715109e-15  0.00000000e+00   16.245000
 -5.667  7.99595945e-08  6.39353675e-15  0.00000000e+00   16.055556
 -5.633  9.65301193e-08  9.31806393e-15  0.00000000e+00   15.867222
 -5.600  1.16405245e-07  1.35501810e-14  0.00000000e+00   15.680000
 -5.567  1.40216687e-07  1.96607192e-14  0.00000000e+00   15.493889
 -5.533  1.68711349e-07  2.84635192e-14  0.00000000e+00   15.308889
 -5.500  2.02771233e-07  4.11161728e-14  0.00000000e+00   15.125000
 -5.467  2.43436576e-07  5.92613666e-14  0.00000000e+00   14.942222
 -5.433  2.91932716e-07  8.52247105e-14  0.00000000e+00   14.760556
 -5.400  3.49701222e-07  1.22290945e-13  0.00000000e+00   14.580000
 -5.367  4.18435940e-07  1.75088636e-13  0.00000000e+00   14.400556
 -5.333  5.00124644e-07  2.50124660e-13  0.00000000e+00   14.222222
 -5.300  5.97097123e-07  3.56524974e-13  0.00000000e+00   14.045000
 -5.267  7.12080591e-07  5.07058768e-13  0.00000000e+00   13.868889
 -5.233  8.48263471e-07  7.19550916e-13  0.00000000e+00   13.693889
 -5.200  1.00936869e-06  1.01882515e-12  0.00000000e+00   13.520000
 -5.167  1.19973779e-06  1.43937078e-12  0.00000000e+00   13.347222
 -5.133  1.42442733e-06  2.02899323e-12  0.00000000e+00   13.175556
 -5.100  1.68931915e-06  2.85379919e-12  0.00000000e+00   13.005000
 -5.067  2.00124638e-06  4.00498706e-12  0.00000000e+00   12.835556
 -5.033  2.36813720e-06  5.60807380e-12  0.00000000e+00   12.667222
 -5.000  2.79917860e-06  7.83540082e-12  0.00000000e+00   12.500000
 -4.967  3.30500260e-06  1.09230422e-11  0.00000000e+00   12.333889
 -4.933  3.89789782e-06  1.51936074e-11  0.00000000e+00   12.168889
 -4.900  4.59204931e-06  2.10869169e-11  0.00000000e+00   12.005000
 -4.867  5.40381016e-06  2.92011643e-11  0.00000000e+00   11.842222
 -4.833  6.35200853e-06  4.03480123e-11  0.00000000e+00   11.680556
 -4.800  7.45829418e-06  5.56261521e-11  0.00000000e+00   11.520000
 -4.767  8.74752908e-06  7.65192650e-11  0.00000000e+00   11.360556
 -4.733  1.02482268e-05  1.05026153e-10  0.00000000e+00   11.202222
 -4.700  1.19930463e-05  1.43833160e-10  0.00000000e+00   11.045000
 -4.667  1.40193456e-05  1.96542051e-10  0.00000000e+00   10.888889
 -4.633  1.63698018e-05  2.67970410e-10  0.00000000e+00   10.733889
 -4.600  1.90931045e-05  3.64546638e-10  0.00000000e+00   10.580000
 -4.567  2.22447293e-05  4.94827982e-10  0.00000000e+00   10.427222
 -4.533  2.58878003e-05  6.70178207e-10  0.00000000e+00   10.275556
 -4.500  3.00940491e-05  9.05651790e-10  0.00000000e+00   10.125000
 -4.467  3.49448796e-05  1.22114461e-09  0.00000000e+00    9.975556
 -4.433  4.05325494e-05  1.64288756e-09  0.00000000e+00    9.827222
 -4.400  4.69614763e-05  2.20538026e-09  0.00000000e+00    9.680000
 -4.367  5.43496825e-05  2.95388799e-09  0.00000000e+00    9.533889
 -4.333  6.28303865e-05  3.94765746e-09  0.00000000e+00    9.388889
 -4.300  7.25537559e-05  5.26404750e-09  0.00000000e+00    9.245000
 -4.267  8.36888341e-05  7.00382095e-09  0.00000000e+00    9.102222
 -4.233  9.64256521e-05  9.29790639e-09  0.00000000e+00    8.960556
 -4.200  1.10977542e-04  1.23160148e-08  0.00000000e+00    8.820000
 -4.167  1.27583663e-04  1.62775911e-08  0.00000000e+00    8.680556
 -4.133  1.46511759e-04  2.14656955e-08  0.00000000e+00    8.542222
 -4.100  1.68061156e-04  2.82445523e-08  0.00000000e+00    8.405000
 -4.067  1.92566023e-04  3.70816733e-08  0.00000000e+00    8.268889
 -4.033  2.20398901e-04  4.85756758e-08  0.00000000e+00    8.133889
 -4.000  2.51974527e-04  6.34911624e-08  0.00000000e+00    8.000000
 -3.967  2.87753956e-04  8.28023390e-08  0.00000000e+00    7.867222
 -3.933  3.28249003e-04  1.07747408e-07  0.00000000e+00    7.735556
 -3.900  3.74027021e-04  1.39896212e-07  0.00000000e+00    7.605000
 -3.867  4.25716017e-04  1.81234127e-07  0.00000000e+00    7.475556
 -3.833  4.84010132e-04  2.34265808e-07  0.00000000e+00    7.347222
 -3.800  5.49675481e-04  3.02143134e-07  0.00000000e+00    7.220000
 -3.767  6.23556380e-04  3.88822559e-07  0.00000000e+00    7.093889
 -3.733  7.06581950e-04  4.99258052e-07  0.00000000e+00    6.968889
 -3.700  7.99773115e-04  6.39637035e-07  0.00000000e+00    6.845000
 -3.667  9.04249990e-04  8.17668044e-07  0.00000000e+00    6.722222
 -3.633  1.02123966e-03  1.04293045e-06  0.00000000e+00    6.600556
 -3.600  1.15208437e-03  1.32729840e-06  0.00000000e+00    6.480000
 -3.567  1.29825005e-03  1.68545319e-06  0.00000000e+00    6.360556
 -3.533  1.46133525e-03  2.13550071e-06  0.00000000e+00    6.242222
 -3.500  1.64308043e-03  2.69971329e-06  0.00000000e+00    6.125000
 -3.467  1.84537756e-03  3.40541833e-06  0.00000000e+00    6.008889
 -3.433  2.07028005e-03  4.28605948e-06  0.00000000e+00    5.893889
 -3.400  2.32001295e-03  5.38246010e-06  0.00000000e+00    5.780000
 -3.367  2.59698339e-03  6.74432274e-06  0.00000000e+00    5.667222
 -3.333  2.90379120e-03  8.43200335e-06  0.00000000e+00    5.555556
 -3.300  3.24323971e-03  1.05186038e-05  0.00000000e+00    5.445000
 -3.267  3.61834657e-03  1.30924319e-05  0.00000000e+00    5.335556
 -3.233  4.03235469e-03  1.62598843e-05  0.00000000e+00    5.227222
 -3.200  4.48874299e-03  2.01488136e-05  0.00000000e+00    5.120000
 -3.167  4.99123714e-03  2.49124482e-05  0.00000000e+00    5.013889
 -3.133  5.54381998e-03  3.07339399e-05  0.00000000e+00    4.908889
 -3.100  6.15074163e-03  3.78316226e-05  0.00000000e+00    4.805000
 -3.067  6.81652920e-03  4.64650703e-05  0.00000000e+00    4.702222
 -3.033  7.54599591e-03  5.69420542e-05  0.00000000e+00    4.600556
 -3.000  8.34424950e-03  6.96264997e-05  0.00000000e+00    4.500000
 -2.967  9.21669992e-03  8.49475575e-05  0.00000000e+00    4.400556
 -2.933  1.01690660e-02  1.03409903e-04  0.00000000e+00    4.302222
 -2.900  1.12073809e-02  1.25605387e-04  0.00000000e+00    4.205000
 -2.867  1.23379967e-02  1.52226163e-04  0.00000000e+00    4.108889
 -2.833  1.35675871e-02  1.84079420e-04  0.00000000e+00    4.013889
 -2.800  1.49031488e-02  2.22103844e-04  0.00000000e+00    3.920000
 -2.767  1.63520011e-02  2.67387938e-04  0.00000000e+00    3.827222
 -2.733  1.79217835e-02  3.21190323e-04  0.00000000e+00    3.735556
 -2.700  1.96204515e-02  3.84962115e-04  0.00000000e+00    3.645000
 -2.667  2.14562696e-02  4.60371503e-04  0.00000000e+00    3.555556
 -2.633  2.34378024e-02  5.49330580e-04  0.00000000e+00    3.467222
 -2.600  2.55739027e-02  6.54024502e-04  0.00000000e+00    3.380000
 -2.567  2.78736974e-02  7.76943008e-04  0.00000000e+00    3.293889
 -2.533  3.03465695e-02  9.20914281e-04  0.00000000e+00    3.208889
 -2.500  3.30021381e-02  1.08914112e-03  0.00000000e+00    3.125000
 -2.467  3.58502345e-02  1.28523931e-03  0.00000000e+00    3.042222
 -2.433  3.89008754e-02  1.51327811e-03  0.00000000e+00    2.960556
 -2.400  4.21642325e-02  1.77782250e-03  0.00000000e+00    2.880000
 -2.367  4.56505983e-02  2.08397713e-03  0.00000000e+00    2.800556
 -2.333  4.93703493e-02  2.43743139e-03  0.00000000e+00    2.722222
 -2.300  5.33339041e-02  2.84450533e-03  0.00000000e+00    2.645000
 -2.267  5.75516796e-02  3.31219582e-03  0.00000000e+00    2.568889
 -2.233  6.20340420e-02  3.84822237e-03  0.00000000e+00    2.493889
 -2.200  6.67912555e-02  4.46107182e-03  0.00000000e+00    2.420000
 -2.167  7.18334269e-02  5.16004122e-03  0.00000000e+00    2.347222
 -2.133  7.71704467e-02  5.95527785e-03  0.00000000e+00    2.275556
 -2.100  8.28119275e-02  6.85781534e-03  0.00000000e+00    2.205000
 -2.067  8.87671391e-02  7.87960499e-03  0.00000000e+00    2.135556
 -2.033  9.50449406e-02  9.03354073e-03  0.00000000e+00    2.067222
 -2.000  1.01653710e-01  1.03334768e-02  0.00000000e+00    2.000000
 -1.967  1.08601273e-01  1.17942365e-02  0.00000000e+00    1.933889
 -1.933  1.15894826e-01  1.34316107e-02  0.00000000e+00    1.868889
 -1.900  1.23540863e-01  1.52623447e-02  0.00000000e+00    1.805000
 -1.867  1.31545096e-01  1.73041123e-02  0.00000000e+00    1.742222
 -1.833  1.39912380e-01  1.95754742e-02  0.00000000e+00    1.680556
 -1.800  1.48646634e-01  2.20958218e-02  0.00000000e+00    1.620000
 -1.767  1.57750761e-01  2.48853026e-02  0.00000000e+00    1.560556
 -1.733  1.67226576e-01  2.79647278e-02  0.00000000e+00    1.502222
 -1.700  1.77074728e-01  3.13554593e-02  0.00000000e+00    1.445000
 -1.667  1.87294627e-01  3.50792773e-02  0.00000000e+00    1.388889
 -1.633  1.97884376e-01  3.91582261e-02  0.00000000e+00    1.333889
 -1.600  2.08840701e-01  4.36144382e-02  0.00000000e+00    1.280000
 -1.567  2.20158891e-01  4.84699372e-02  0.00000000e+00    1.227222
 -1.533  2.31832739e-01  5.37464188e-02  0.00000000e+00    1.175556
 -1.500  2.43854488e-01  5.94650116e-02  0.00000000e+00    1.125000
 -1.467  2.56214788e-01  6.56460175e-02  0.00000000e+00    1.075556
 -1.433  2.68902649e-01  7.23086347e-02  0.00000000e+00    1.027222
 -1.400  2.81905416e-01  7.94706637e-02  0.00000000e+00    0.980000
 -1.367  2.95208739e-01  8.71481995e-02  0.00000000e+00    0.933889
 -1.333  3.08796557e-01  9.53553136e-02  0.00000000e+00    0.888889
 -1.300  3.22651092e-01  1.04103727e-01  0.00000000e+00    0.845000
 -1.267  3.36752850e-01  1.13402482e-01  0.00000000e+00    0.802222
 -1.233  3.51080632e-01  1.23257610e-01  0.00000000e+00    0.760556
 -1.200  3.65611555e-01  1.33671809e-01  0.00000000e+00    0.720000
 -1.167  3.80321086e-01  1.44644128e-01  0.00000000e+00    0.680556
 -1.133  3.95183084e-01  1.56169670e-01  0.00000000e+00    0.642222
 -1.100  4.10169855e-01  1.68239310e-01  0.00000000e+00    0.605000
 -1.067  4.25252212e-01  1.80839444e-01  0.00000000e+00    0.568889
 -1.033  4.40399558e-01  1.93951771e-01  0.00000000e+00    0.533889
 -1.000  4.55580069e-01  2.07553199e-01  1.40429299e+01    0.500000
 -0.967  4.70760484e-01  2.21615433e-01  9.01550136e-02    0.467222
 -0.933  4.85906524e-01  2.36105150e-01  6.42970862e-02    0.435556
 -0.900  5.00982903e-01  2.50983869e-01  5.29570392e-02    0.405000
 -0.867  5.15953455e-01  2.66207968e-01  4.62698906e-02    0.375556
 -0.833  5.30781273e-01  2.81728759e-01  4.17596233e-02    0.347222
 -0.800  5.45428847e-01  2.97492628e-01  3.84725262e-02    0.320000
 -0.767  5.59858225e-01  3.13441232e-01  3.59531098e-02    0.293889
 -0.733  5.74031162e-01  3.29511774e-01  3.39529024e-02    0.268889
 -0.700  5.87909289e-01  3.45637332e-01  3.23234230e-02    0.245000
 -0.667  6.01454284e-01  3.61747256e-01  3.09698271e-02    0.222222
 -0.633  6.14628043e-01  3.77767631e-01  2.98283669e-02    0.200556
 -0.600  6.27392854e-01  3.93621793e-01  2.88544420e-02    0.180000
 -0.567  6.39711579e-01  4.09230904e-01  2.80158220e-02    0.160556
 -0.533  6.51547832e-01  4.24514578e-01  2.72885893e-02    0.142222
 -0.500  6.62866155e-01  4.39391539e-01  2.66546001e-02    0.125000
 -0.467  6.73632194e-01  4.53780332e-01  2.60998349e-02    0.108889
 -0.433  6.83812873e-01  4.67600045e-01  2.56132936e-02    0.093889
 -0.400  6.93376565e-01  4.80771060e-01  2.51862345e-02    0.080000
 -0.367  7.02293250e-01  4.93215809e-01  2.48116378e-02    0.067222
 -0.333  7.10534677e-01  5.04859528e-01  2.44838204e-02    0.055556
 -0.300  7.18074512e-01  5.15631004e-01  2.41981544e-02    0.045000
 -0.267  7.24888473e-01  5.25463298e-01  2.39508576e-02    0.035556
 -0.233  7.30954467e-01  5.34294433e-01  2.37388370e-02    0.027222
 -0.200  7.36252708e-01  5.42068050e-01  2.35595698e-02    0.020000
 -0.167  7.40765819e-01  5.48733998e-01  2.34110132e-02    0.013889
 -0.133  7.44478933e-01  5.54248882e-01  2.32915349e-02    0.008889
 -0.100  7.47379774e-01  5.58576527e-01  2.31998616e-02    0.005000
 -0.067  7.49458721e-01  5.61688374e-01  2.31350395e-02    0.002222
 -0.033  7.50708864e-01  5.63563798e-01  2.30964060e-02    0.000556
  0.000  7.51126041e-01  5.64190330e-01  2.30835712e-02    0.000000
  0.033  7.50708864e-01  5.63563798e-01  2.30964060e-02    0.000556
  0.067  7.49458721e-01  5.61688374e-01  2.31350395e-02    0.002222
  0.100  7.47379774e-01  5.58576527e-01  2.31998616e-02    0.005000
  0.133  7.44478933e-01  5.54248882e-01  2.32915349e-02    0.008889
  0.167  7.40765819e-01  5.48733998e-01  2.34110132e-02    0.013889
  0.200  7.36252708e-01  5.42068050e-01  2.35595698e-02    0.020000
  0.233  7.30954467e-01  5.34294433e-01  2.37388370e-02    0.027222
  0.267  7.24888473e-01  5.25463298e-01  2.39508576e-02    0.035556
  0.300  7.18074512e-01  5.15631004e-01  2.41981544e-02    0.045000
  0.333  7.10534677e-01  5.04859528e-01  2.44838204e-02    0.055556
  0.367  7.02293250e-01  4.93215809e-01  2.48116378e-02    0.067222
  0.400  6.93376565e-01  4.80771060e-01  2.51862345e-02    0.080000
  0.433  6.83812873e-01  4.67600045e-01  2.56132936e-02    0.093889
  0.467  6.73632194e-01  4.53780332e-01  2.60998349e-02    0.108889
  0.500  6.62866155e-01  4.39391539e-01  2.66546001e-02    0.125000
  0.533  6.51547832e-01  4.24514578e-01  2.72885893e-02    0.142222
  0.567  6.39711579e-01  4.09230904e-01  2.80158220e-02    0.160556
  0.600  6.27392854e-01  3.93621793e-01  2.88544420e-02    0.180000
  0.633  6.14628043e-01  3.77767631e-01  2.98283669e-02    0.200556
  0.667  6.01454284e-01  3.61747256e-01  3.09698271e-02    0.222222
  0.700  5.87909289e-01  3.45637332e-01  3.23234230e-02    0.245000
  0.733  5.74031162e-01  3.29511774e-01  3.39529024e-02    0.268889
  0.767  5.59858225e-01  3.13441232e-01  3.59531098e-02    0.293889
  0.800  5.45428847e-01  2.97492628e-01  3.84725262e-02    0.320000
  0.833  5.30781273e-01  2.81728759e-01  4.17596233e-02    0.347222
  0.867  5.15953455e-01  2.66207968e-01  4.62698906e-02    0.375556
  0.900  5.00982903e-01  2.50983869e-01  5.29570392e-02    0.405000
  0.933  4.85906524e-01  2.36105150e-01  6.42970862e-02    0.435556
  0.967  4.70760484e-01  2.21615433e-01  9.01550136e-02    0.467222
  1.000  4.55580069e-01  2.07553199e-01  1.40429299e+01    0.500000
  1.033  4.40399558e-01  1.93951771e-01  0.00000000e+00    0.533889
  1.067  4.25252212e-01  1.80839444e-01  0.00000000e+00    0.568889
  1.100  4.10169855e-01  1.68239310e-01  0.00000000e+00    0.605000
  1.133  3.95183084e-01  1.56169670e-01  0.00000000e+00    0.642222
  1.167  3.80321086e-01  1.44644128e-01  0.00000000e+00    0.680556
  1.200  3.65611555e-01  1.33671809e-01  0.00000000e+00    0.720000
  1.233  3.51080632e-01  1.23257610e-01  0.00000000e+00    0.760556
  1.267  3.36752850e-01  1.13402482e-01  0.00000000e+00    0.802222
  1.300  3.22651092e-01  1.04103727e-01  0.00000000e+00    0.845000
  1.333  3.08796557e-01  9.53553136e-02  0.00000000e+00    0.888889
  1.367  2.95208739e-01  8.71481995e-02  0.00000000e+00    0.933889
  1.400  2.81905416e-01  7.94706637e-02  0.00000000e+00    0.980000
  1.433  2.68902649e-01  7.23086347e-02  0.00000000e+00    1.027222
  1.467  2.56214788e-01  6.56460175e-02  0.00000000e+00    1.075556
  1.500  2.43854488e-01  5.94650116e-02  0.00000000e+00    1.125000
  1.533  2.31832739e-01  5.37464188e-02  0.00000000e+00    1.175556
  1.567  2.20158891e-01  4.84699372e-02  0.00000000e+00    1.227222
  1.600  2.08840701e-01  4.36144382e-02  0.00000000e+00    1.280000
  1.633  1.97884376e-01  3.91582261e-02  0.00000000e+00    1.333889
  1.667  1.87294627e-01  3.50792773e-02  0.00000000e+00    1.388889
  1.700  1.77074728e-01  3.13554593e-02  0.00000000e+00    1.445000
  1.733  1.67226576e-01  2.79647278e-02  0.00000000e+00    1.502222
  1.767  1.57750761e-01  2.48853026e-02  0.00000000e+00    1.560556
  1.800  1.48646634e-01  2.20958218e-02  0.00000000e+00    1.620000
  1.833  1.39912380e-01  1.95754742e-02  0.00000000e+00    1.680556
  1.867  1.31545096e-01  1.73041123e-02  0.00000000e+00    1.742222
  1.900  1.23540863e-01  1.52623447e-02  0.00000000e+00    1.805000
  1.933  1.15894826e-01  1.34316107e-02  0.00000000e+00    1.868889
  1.967  1.08601273e-01  1.17942365e-02  0.00000000e+00    1.933889
  2.000  1.01653710e-01  1.03334768e-02  0.00000000e+00    2.000000
  2.033  9.50449406e-02  9.03354073e-03  0.00000000e+00    2.067222
  2.067  8.87671391e-02  7.87960499e-03  0.00000000e+00    2.135556
  2.100  8.28119275e-02  6.85781534e-03  0.00000000e+00    2.205000
  2.133  7.71704467e-02  5.95527785e-03  0.00000000e+00    2.275556
  2.167  7.18334269e-02  5.16004122e-03  0.00000000e+00    2.347222
  2.200  6.67912555e-02  4.46107182e-03  0.00000000e+00    2.420000
  2.233  6.20340420e-02  3.84822237e-03  0.00000000e+00    2.493889
  2.267  5.75516796e-02  3.31219582e-03  0.00000000e+00    2.568889
  2.300  5.33339041e-02  2.84450533e-03  0.00000000e+00    2.645000
  2.333  4.93703493e-02  2.43743139e-03  0.00000000e+00    2.722222
  2.367  4.56505983e-02  2.08397713e-03  0.00000000e+00    2.800556
  2.400  4.21642325e-02  1.77782250e-03  0.00000000e+00    2.880000
  2.433  3.89008754e-02  1.51327811e-03  0.00000000e+00    2.960556
  2.467  3.58502345e-02  1.28523931e-03  0.00000000e+00    3.042222
  2.500  3.30021381e-02  1.08914112e-03  0.00000000e+00    3.125000
  2.533  3.03465695e-02  9.20914281e-04  0.00000000e+00    3.208889
  2.567  2.78736974e-02  7.76943008e-04  0.00000000e+00    3.293889
  2.600  2.55739027e-02  6.54024502e-04  0.00000000e+00    3.380000
  2.633  2.34378024e-02  5.49330580e-04  0.00000000e+00    3.467222
  2.667  2.14562696e-02  4.60371503e-04  0.00000000e+00    3.555556
  2.700  1.96204515e-02  3.84962115e-04  0.00000000e+00    3.645000
  2.733  1.79217835e-02  3.21190323e-04  0.00000000e+00    3.735556
  2.767  1.63520011e-02  2.67387938e-04  0.00000000e+00    3.827222
  2.800  1.49031488e-02  2.22103844e-04  0.00000000e+00    3.920000
  2.833  1.35675871e-02  1.84079420e-04  0.00000000e+00    4.013889
  2.867  1.23379967e-02  1.52226163e-04  0.00000000e+00    4.108889
  2.900  1.12073809e-02  1.25605387e-04  0.00000000e+00    4.205000
  2.933  1.01690660e-02  1.03409903e-04  0.00000000e+00    4.302222
  2.967  9.21669992e-03  8.49475575e-05  0.00000000e+00    4.400556
  3.000  8.34424950e-03  6.96264997e-05  0.00000000e+00    4.500000
  3.033  7.54599591e-03  5.69420542e-05  0.00000000e+00    4.600556
  3.067  6.81652920e-03  4.64650703e-05  0.00000000e+00    4.702222
  3.100  6.15074163e-03  3.78316226e-05  0.00000000e+00    4.805000
  3.133  5.54381998e-03  3.07339399e-05  0.00000000e+00    4.908889
  3.167  4.99123714e-03  2.49124482e-05  0.00000000e+00    5.013889
  3.200  4.48874299e-03  2.01488136e-05  0.00000000e+00    5.120000
  3.233  4.03235469e-03  1.62598843e-05  0.00000000e+00    5.227222
  3.267  3.61834657e-03  1.30924319e-05  0.00000000e+00    5.335556
  3.300  3.24323971e-03  1.05186038e-05  0.00000000e+00    5.445000
  3.333  2.90379120e-03  8.43200335e-06  0.00000000e+00    5.555556
  3.367  2.59698339e-03  6.74432274e-06  0.00000000e+00    5.667222
  3.400  2.32001295e-03  5.38246010e-06  0.00000000e+00    5.780000
  3.433  2.07028005e-03  4.28605948e-06  0.00000000e+00    5.893889
  3.467  1.84537756e-03  3.40541833e-06  0.00000000e+00    6.008889
  3.500  1.64308043e-03  2.69971329e-06  0.00000000e+00    6.125000
  3.533  1.46133525e-03  2.13550071e-06  0.00000000e+00    6.242222
  3.567  1.29825005e-03  1.68545319e-06  0.00000000e+00    6.360556
  3.600  1.15208437e-03  1.32729840e-06  0.00000000e+00    6.480000
  3.633  1.02123966e-03  1.04293045e-06  0.00000000e+00    6.600556
  3.667  9.04249990e-04  8.17668044e-07  0.00000000e+00    6.722222
  3.700  7.99773115e-04  6.39637035e-07  0.00000000e+00    6.845000
  3.733  7.06581950e-04  4.99258052e-07  0.00000000e+00    6.968889
  3.767  6.23556380e-04  3.88822559e-07  0.00000000e+00    7.093889
  3.800  5.49675481e-04  3.02143134e-07  0.00000000e+00    7.220000
  3.833  4.84010132e-04  2.34265808e-07  0.00000000e+00    7.347222
  3.867  4.25716017e-04  1.81234127e-07  0.00000000e+00    7.475556
  3.900  3.74027021e-04  1.39896212e-07  0.00000000e+00    7.605000
  3.933  3.28249003e-04  1.07747408e-07  0.00000000e+00    7.735556
  3.967  2.87753956e-04  8.28023390e-08  0.00000000e+00    7.867222
  4.000  2.51974527e-04  6.34911624e-08  0.00000000e+00    8.000000
  4.033  2.20398901e-04  4.85756758e-08  0.00000000e+00    8.133889
  4.067  1.92566023e-04  3.70816733e-08  0.00000000e+00    8.268889
  4.100  1.68061156e-04  2.82445523e-08  0.00000000e+00    8.405000
  4.133  1.46511759e-04  2.14656955e-08  0.00000000e+00    8.542222
  4.167  1.27583663e-04  1.62775911e-08  0.00000000e+00    8.680556
  4.200  1.10977542e-04  1.23160148e-08  0.00000000e+00    8.820000
  4.233  9.64256521e-05  9.29790639e-09  0.00000000e+00    8.960556
  4.267  8.36888341e-05  7.00382095e-09  0.00000000e+00    9.102222
  4.300  7.25537559e-05  5.26404750e-09  0.00000000e+00    9.245000
  4.333  6.28303865e-05  3.94765746e-09  0.00000000e+00    9.388889
  4.367  5.43496825e-05  2.95388799e-09  0.00000000e+00    9.533889
  4.400  4.69614763e-05  2.20538026e-09  0.00000000e+00    9.680000
  4.433  4.05325494e-05  1.64288756e-09  0.00000000e+00    9.827222
  4.467  3.49448796e-05  1.22114461e-09  0.00000000e+00    9.975556
  4.500  3.00940491e-05  9.05651790e-10  0.00000000e+00   10.125000
  4.533  2.58878003e-05  6.70178207e-10  0.00000000e+00   10.275556
  4.567  2.22447293e-05  4.94827982e-10  0.00000000e+00   10.427222
  4.600  1.90931045e-05  3.64546638e-10  0.00000000e+00   10.580000
  4.633  1.63698018e-05  2.67970410e-10  0.00000000e+00   10.733889
  4.667  1.40193456e-05  1.96542051e-10  0.00000000e+00   10.888889
  4.700  1.19930463e-05  1.43833160e-10  0.00000000e+00   11.045000
  4.733  1.02482268e-05  1.05026153e-10  0.00000000e+00   11.202222
  4.767  8.74752908e-06  7.65192650e-11  0.00000000e+00   11.360556
  4.800  7.45829418e-06  5.56261521e-11  0.00000000e+00   11.520000
  4.833  6.35200853e-06  4.03480123e-11  0.00000000e+00   11.680556
  4.867  5.40381016e-06  2.92011643e-11  0.00000000e+00   11.842222
  4.900  4.59204931e-06  2.10869169e-11  0.00000000e+00   12.005000
  4.933  3.89789782e-06  1.51936074e-11  0.00000000e+00   12.168889
  4.967  3.30500260e-06  1.09230422e-11  0.00000000e+00   12.333889
  5.000  2.79917860e-06  7.83540082e-12  0.00000000e+00   12.500000
  5.033  2.36813720e-06  5.60807380e-12  0.00000000e+00   12.667222
  5.067  2.00124638e-06  4.00498706e-12  0.00000000e+00   12.835556
  5.100  1.68931915e-06  2.85379919e-12  0.00000000e+00   13.005000
  5.133  1.42442733e-06  2.02899323e-12  0.00000000e+00   13.175556
  5.167  1.19973779e-06  1.43937078e-12  0.00000000e+00   13.347222
  5.200  1.00936869e-06  1.01882515e-12  0.00000000e+00   13.520000
  5.233  8.48263471e-07  7.19550916e-13  0.00000000e+00   13.693889
  5.267  7.12080591e-07  5.07058768e-13  0.00000000e+00   13.868889
  5.300  5.97097123e-07  3.56524974e-13  0.00000000e+00   14.045000
  5.333  5.00124644e-07  2.50124660e-13  0.00000000e+00   14.222222
  5.367  4.18435940e-07  1.75088636e-13  0.00000000e+00   14.400556
  5.400  3.49701222e-07  1.22290945e-13  0.00000000e+00   14.580000
  5.433  2.91932716e-07  8.52247105e-14  0.00000000e+00   14.760556
  5.467  2.43436576e-07  5.92613666e-14  0.00000000e+00   14.942222
  5.500  2.02771233e-07  4.11161728e-14  0.00000000e+00   15.125000
  5.533  1.68711349e-07  2.84635192e-14  0.00000000e+00   15.308889
  5.567  1.40216687e-07  1.96607192e-14  0.00000000e+00   15.493889
  5.600  1.16405245e-07  1.35501810e-14  0.00000000e+00   15.680000
  5.633  9.65301193e-08  9.31806393e-15  0.00000000e+00   15.867222
  5.667  7.99595945e-08  6.39353675e-15  0.00000000e+00   16.055556
  5.700  6.61600415e-08  4.37715109e-15  0.00000000e+00   16.245000
  5.733  5.46812457e-08  2.99003864e-15  0.00000000e+00   16.435556
  5.767  4.51438378e-08  2.03796609e-15  0.00000000e+00   16.627222
  5.800  3.72285395e-08  1.38596415e-15  0.00000000e+00   16.820000
  5.833  3.06669769e-08  9.40463469e-16  0.00000000e+00   17.013889
  5.867  2.52338419e-08  6.36746776e-16  0.00000000e+00   17.208889
  5.900  2.07402140e-08  4.30156478e-16  0.00000000e+00   17.405000
  5.933  1.70278782e-08  2.89948636e-16  0.00000000e+00   17.602222
  5.967  1.39644965e-08  1.95007162e-16  0.00000000e+00   17.800556
  6.000  1.14395113e-08  1.30862418e-16  0.00000000e+00   18.000000
  6.033  9.36067367e-09  8.76222116e-17  0.00000000e+00   18.200556
  6.067  7.65110538e-09  5.85394135e-17  0.00000000e+00   18.402222
  6.100  6.24681588e-09  3.90227086e-17  0.00000000e+00   18.605000
  6.133  5.09460680e-09  2.59550185e-17  0.00000000e+00   18.808889
  6.167  4.15030564e-09  1.72250369e-17  0.00000000e+00   19.013889
  6.200  3.37727895e-09  1.14060131e-17  0.00000000e+00   19.220000
  6.233  2.74518255e-09  7.53602721e-18  0.00000000e+00   19.427222
  6.267  2.22891223e-09  4.96804974e-18  0.00000000e+00   19.635556
  6.300  1.80772411e-09  3.26786644e-18  0.00000000e+00   19.845000
  6.333  1.46449797e-09  2.14475430e-18  0.00000000e+00   20.055556
  6.367  1.18512140e-09  1.40451273e-18  0.00000000e+00   20.267222
  6.400  9.57975382e-10  9.17716833e-19  0.00000000e+00   20.480000
  6.433  7.73505310e-10  5.98310465e-19  0.00000000e+00   20.693889
  6.467  6.23863665e-10  3.89205873e-19  0.00000000e+00   20.908889
  6.500  5.02612779e-10  2.52619606e-19  0.00000000e+00   21.125000
  6.533  4.04477905e-10  1.63602375e-19  0.00000000e+00   21.342222
  6.567  3.25142334e-10  1.05717538e-19  0.00000000e+00   21.560556
  6.600  2.61077640e-10  6.81615338e-20  0.00000000e+00   21.780000
  6.633  2.09403182e-10  4.38496925e-20  0.00000000e+00   22.000556
  6.667  1.67770004e-10  2.81467743e-20  0.00000000e+00   22.222222
  6.700  1.34264994e-10  1.80270885e-20  0.00000000e+00   22.445000
  6.733  1.07331875e-10  1.15201313e-20  0.00000000e+00   22.668889
  6.767  8.57061674e-11  7.34554714e-21  0.00000000e+00   22.893889
  6.800  6.83617032e-11  4.67332247e-21  0.00000000e+00   23.120000
  6.833  5.44667063e-11  2.96662209e-21  0.00000000e+00   23.347222
  6.867  4.33477731e-11  1.87902943e-21  0.00000000e+00   23.575556
  6.900  3.44603678e-11  1.18751695e-21  0.00000000e+00   23.805000
  6.933  2.73646857e-11  7.48826023e-22  0.00000000e+00   24.035556
  6.967  2.17059330e-11  4.71147528e-22  0.00000000e+00   24.267222
  7.000  1.71982355e-11  2.95779303e-22  0.00000000e+00   24.500000
  7.033  1.36115243e-11  1.85273592e-22  0.00000000e+00   24.733889
  7.067  1.07608622e-11  1.15796155e-22  0.00000000e+00   24.968889
  7.100  8.49776692e-12  7.22120426e-23  0.00000000e+00   25.205000
  7.133  6.70316635e-12  4.49324391e-23  0.00000000e+00   25.442222
  7.167  5.28168647e-12  2.78962119e-23  0.00000000e+00   25.680556
  7.200  4.15702535e-12  1.72808598e-23  0.00000000e+00   25.920000
  7.233  3.26821159e-12  1.06812070e-23  0.00000000e+00   26.160556
  7.267  2.56658170e-12  6.58734163e-24  0.00000000e+00   26.402222
  7.300  2.01334156e-12  4.05354422e-24  0.00000000e+00   26.645000
  7.333  1.57760131e-12  2.48882588e-24  0.00000000e+00   26.888889
  7.367  1.23479395e-12  1.52471609e-24  0.00000000e+00   27.133889
  7.400  9.65404149e-13  9.32005172e-25  0.00000000e+00   27.380000
  7.433  7.53947777e-13  5.68437251e-25  0.00000000e+00   27.627222
  7.467  5.88153659e-13  3.45924727e-25  0.00000000e+00   27.875556
  7.500  4.58308356e-13  2.10046549e-25  0.00000000e+00   28.125000
  7.533  3.56732092e-13  1.27257786e-25  0.00000000e+00   28.375556
  7.567  2.77360122e-13  7.69286373e-26  0.00000000e+00   28.627222
  7.600  2.15408726e-13  4.64009191e-26  0.00000000e+00   28.880000
  7.633  1.67109060e-13  2.79254379e-26  0.00000000e+00   29.133889
  7.667  1.29495338e-13  1.67690425e-26  0.00000000e+00   29.388889
  7.700  1.00236455e-13  1.00473470e-26  0.00000000e+00   29.645000
  7.733  7.75023196e-14  6.00660954e-27  0.00000000e+00   29.902222
  7.767  5.98578525e-14  3.58296251e-27  0.00000000e+00   30.160556
  7.800  4.61790500e-14  2.13250465e-27  0.00000000e+00   30.420000
  7.833  3.55865828e-14  1.26640487e-27  0.00000000e+00   30.680556
  7.867  2.73933413e-14  7.50395149e-28  0.00000000e+00   30.942222
  7.900  2.10630453e-14  4.43651876e-28  0.00000000e+00   31.205000
  7.933  1.61776242e-14  2.61715525e-28  0.00000000e+00   31.468889
  7.967  1.24115423e-14  1.54046383e-28  0.00000000e+00   31.733889
  8.000  9.51161345e-15  9.04707903e-29  0.00000000e+00   32.000000
  8.033  7.28115136e-15  5.30151652e-29  0.00000000e+00   32.267222
  8.067  5.56754011e-15  3.09975029e-29  0.00000000e+00   32.535556
  8.100  4.25249760e-15  1.80837358e-29  0.00000000e+00   32.805000
  8.133  3.24445852e-15  1.05265111e-29  0.00000000e+00   33.075556
  8.167  2.47262241e-15  6.11386161e-30  0.00000000e+00   33.347222
  8.200  1.88230850e-15  3.54308530e-30  0.00000000e+00   33.620000
  8.233  1.43133480e-15  2.04871932e-30  0.00000000e+00   33.893889
  8.267  1.08719910e-15  1.18200188e-30  0.00000000e+00   34.168889
  8.300  8.24886816e-16  6.80438258e-31  0.00000000e+00   34.445000
  8.333  6.25168467e-16  3.90835612e-31  0.00000000e+00   34.722222
  8.367  4.73278952e-16  2.23992966e-31  0.00000000e+00   35.000556
  8.400  3.57894266e-16  1.28088305e-31  0.00000000e+00   35.280000
  8.433  2.70339628e-16  7.30835147e-32  0.00000000e+00   35.560556
  8.467  2.03977426e-16  4.16067904e-32  0.00000000e+00   35.842222
  8.500  1.53734707e-16  2.36343602e-32  0.00000000e+00   36.125000
  8.533  1.15738850e-16  1.33954814e-32  0.00000000e+00   36.408889
  8.567  8.70369820e-17  7.57543624e-33  0.00000000e+00   36.693889
  8.600  6.53801487e-17  4.27456385e-33  0.00000000e+00   36.980000
  8.633  4.90574991e-17  2.40663822e-33  0.00000000e+00   37.267222
  8.667  3.67690429e-17  1.35196252e-33  0.00000000e+00   37.555556
  8.700  2.75281271e-17  7.57797781e-34  0.00000000e+00   37.845000
  8.733  2.05867800e-17  4.23815510e-34  0.00000000e+00   38.135556
  8.767  1.53786283e-17  2.36502207e-34  0.00000000e+00   38.427222
  8.800  1.14753038e-17  1.31682598e-34  0.00000000e+00   38.720000
  8.833  8.55319166e-18  7.31570876e-35  0.00000000e+00   39.013889
  8.867  6.36809643e-18  4.05526522e-35  0.00000000e+00   39.308889
  8.900  4.73596490e-18  2.24293635e-35  0.00000000e+00   39.605000
  8.933  3.51823410e-18  1.23779712e-35  0.00000000e+00   39.902222
  8.967  2.61070864e-18  6.81579961e-36  0.00000000e+00   40.200556
  9.000  1.93512710e-18  3.74471688e-36  0.00000000e+00   40.500000
  9.033  1.43277500e-18  2.05284420e-36  0.00000000e+00   40.800556
  9.067  1.05965358e-18  1.12286570e-36  0.00000000e+00   41.102222
  9.100  7.82829587e-19  6.12822162e-37  0.00000000e+00   41.405000
  9.133  5.77680841e-19  3.33715154e-37  0.00000000e+00   41.708889
  9.167  4.25820046e-19  1.81322711e-37  0.00000000e+00   42.013889
  9.200  3.13531832e-19  9.83022098e-38  0.00000000e+00   42.320000
  9.233  2.30597486e-19  5.31752006e-38  0.00000000e+00   42.627222
  9.267  1.69412273e-19  2.87005182e-38  0.00000000e+00   42.935556
  9.300  1.24323294e-19  1.54562815e-38  0.00000000e+00   43.245000
  9.333  9.11333700e-20  8.30529112e-39  0.00000000e+00   43.555556
  9.367  6.67297530e-20  4.45285993e-39  0.00000000e+00   43.867222
  9.400  4.88066007e-20  2.38208427e-39  0.00000000e+00   44.180000
  9.433  3.56577688e-20  1.27147648e-39  0.00000000e+00   44.493889
  9.467  2.60222944e-20  6.77159805e-40  0.00000000e+00   44.808889
  9.500  1.89693048e-20  3.59834524e-40  0.00000000e+00   45.125000
  9.533  1.38123949e-20  1.90782253e-40  0.00000000e+00   45.442222
  9.567  1.00460017e-20  1.00922150e-40  0.00000000e+00   45.760556
  9.600  7.29818008e-21  5.32634325e-41  0.00000000e+00   46.080000
  9.633  5.29559341e-21  2.80433096e-41  0.00000000e+00   46.400556
  9.667  3.83758816e-21  1.47270829e-41  0.00000000e+00   46.722222
  9.700  2.77701724e-21  7.71182474e-42  0.00000000e+00   47.045000
  9.733  2.00606979e-21  4.02431599e-42  0.00000000e+00   47.368889
  9.767  1.44580979e-21  2.09036595e-42  0.00000000e+00   47.693889
  9.800  1.03845787e-21  1.07839475e-42  0.00000000e+00   48.020000
  9.833  7.41697938e-22  5.50115832e-43  0.00000000e+00   48.347222
  9.867  5.24474342e-22  2.75073335e-43  0.00000000e+00   48.675556
  9.900  3.63881612e-22  1.32409828e-43  0.00000000e+00   49.005000
  9.933  2.42849495e-22  5.89758771e-44  0.00000000e+00   49.335556
  9.967  1.48399482e-22  2.20224061e-44  0.00000000e+00   49.667222
 10.000  7.03019753e-23  4.94236773e-45  0.00000000e+00   50.000000
