-10.000  4.55211860e-16  2.07217837e-31  0.00000000e+00   50.000000
 -9.967  9.52670328e-16  9.07580754e-31  0.00000000e+00   49.667222
 -9.933  1.53788426e-15  2.36508800e-30  0.00000000e+00   49.335556
 -9.900  2.26363725e-15  5.12405361e-30  0.00000000e+00   49.005000
 -9.867  3.19458109e-15  1.02053483e-29  0.00000000e+00   48.675556
 -9.833  4.41274060e-15  1.94722796e-29  0.00000000e+00   48.347222
 -9.800  6.02437821e-15  3.62931328e-29  0.00000000e+00   48.020000
 -9.767  8.16876305e-15  6.67286897e-29  0.00000000e+00   47.693889
 -9.733  1.10295265e-14  1.21650454e-28  0.00000000e+00   47.368889
 -9.700  1.48494736e-14  2.20506867e-28  0.00000000e+00   47.045000
 -9.667  1.99499702e-14  3.98001309e-28  0.00000000e+00   46.722222
 -9.633  2.67563508e-14  7.15902308e-28  0.00000000e+00   46.400556
 -9.600  3.58312266e-14  1.28387680e-27  0.00000000e+00   46.080000
 -9.567  4.79181226e-14  2.29614648e-27  0.00000000e+00   45.760556
 -9.533  6.39986009e-14  4.09582092e-27  0.00000000e+00   45.442222
 -9.500  8.53669537e-14  7.28751679e-27  0.00000000e+00   45.125000
 -9.467  1.13727755e-13  1.29340022e-26  0.00000000e+00   44.808889
 -9.433  1.51323102e-13  2.28986813e-26  0.00000000e+00   44.493889
 -9.400  2.01098372e-13  4.04405551e-26  0.00000000e+00   44.180000
 -9.367  2.66917852e-13  7.12451395e-26  0.00000000e+00   43.867222
 -9.333  3.53844894e-13  1.25206209e-25  0.00000000e+00   43.555556
 -9.300  4.68505387e-13  2.19497297e-25  0.00000000e+00   43.245000
 -9.267  6.19558704e-13  3.83852987e-25  0.00000000e+00   42.935556
 -9.233  8.18307060e-13  6.69626444e-25  0.00000000e+00   42.627222
 -9.200  1.07948289e-12  1.16528332e-24  0.00000000e+00   42.320000
 -9.167  1.42226488e-12  2.02283740e-24  0.00000000e+00   42.013889
 -9.133  1.87158717e-12  3.50283855e-24  0.00000000e+00   41.708889
 -9.100  2.45982416e-12  6.05073489e-24  0.00000000e+00   41.405000
 -9.067  3.22895549e-12  1.04261535e-23  0.00000000e+00   41.102222
 -9.033  4.23334440e-12  1.79212048e-23  0.00000000e+00   40.800556
 -9.000  5.54329816e-12  3.07281545e-23  0.00000000e+00   40.500000
 -8.967  7.24962444e-12  5.25570545e-23  0.00000000e+00   40.200556
 -8.933  9.46945410e-12  8.96705610e-23  0.00000000e+00   39.902222
 -8.900  1.23536720e-11  1.52613212e-22  0.00000000e+00   39.605000
 -8.867  1.60963867e-11  2.59093666e-22  0.00000000e+00   39.308889
 -8.833  2.09469814e-11  4.38776030e-22  0.00000000e+00   39.013889
 -8.800  2.72254283e-11  7.41223944e-22  0.00000000e+00   38.720000
 -8.767  3.53417226e-11  1.24903736e-21  0.00000000e+00   38.427222
 -8.733  4.58205100e-11  2.09951913e-21  0.00000000e+00   38.135556
 -8.700  5.93322501e-11  3.52031590e-21  0.00000000e+00   37.845000
 -8.667  7.67325957e-11  5.88789125e-21  0.00000000e+00   37.555556
 -8.633  9.91120825e-11  9.82320489e-21  0.00000000e+00   37.267222
 -8.600  1.27858738e-10  1.63478569e-20  0.00000000e+00   36.980000
 -8.567  1.64736859e-10  2.71382328e-20  0.00000000e+00   36.693889
 -8.533  2.11985986e-10  4.49380582e-20  0.00000000e+00   36.408889
 -8.500  2.72445073e-10  7.42263179e-20  0.00000000e+00   36.125000
 -8.467  3.49708054e-10  1.22295723e-19  0.00000000e+00   35.842222
 -8.433  4.48318438e-10  2.00989422e-19  0.00000000e+00   35.560556
 -8.400  5.74012392e-10  3.29490226e-19  0.00000000e+00   35.280000
 -8.367  7.34021943e-10  5.38788213e-19  0.00000000e+00   35.000556
 -8.333  9.37452605e-10  8.78817386e-19  0.00000000e+00   34.722222
 -8.300  1.19575302e-09  1.42982528e-18  0.00000000e+00   34.445000
 -8.267  1.52329815e-09  2.32043727e-18  0.00000000e+00   34.168889
 -8.233  1.93811249e-09  3.75628001e-18  0.00000000e+00   33.893889
 -8.200  2.46276535e-09  6.06521315e-18  0.00000000e+00   33.620000
 -8.167  3.12547787e-09  9.76861192e-18  0.00000000e+00   33.347222
 -8.133  3.96148942e-09  1.56933984e-17  0.00000000e+00   33.075556
 -8.100  5.01474181e-09  2.51476354e-17  0.00000000e+00   32.805000
 -8.067  6.33995212e-09  4.01949929e-17  0.00000000e+00   32.535556
 -8.033  8.00515986e-09  6.40825844e-17  0.00000000e+00   32.267222
 -8.000  1.00948522e-08  1.01906041e-16  0.00000000e+00   32.000000
 -7.967  1.27137929e-08  1.61640530e-16  0.00000000e+00   31.733889
 -7.933  1.59917056e-08  2.55734647e-16  0.00000000e+00   31.468889
 -7.900  2.00889937e-08  4.03567668e-16  0.00000000e+00   31.205000
 -7.867  2.52037159e-08  6.35227295e-16  0.00000000e+00   30.942222
 -7.833  3.15800783e-08  9.97301343e-16  0.00000000e+00   30.680556
 -7.800  3.95187580e-08  1.56173223e-15  0.00000000e+00   30.420000
 -7.767  4.93894332e-08  2.43931611e-15  0.00000000e+00   30.160556
 -7.733  6.16459667e-08  3.80022521e-15  0.00000000e+00   29.902222
 -7.700  7.68447759e-08  5.90511958e-15  0.00000000e+00   29.645000
 -7.667  9.56670225e-08  9.15217919e-15  0.00000000e+00   29.388889
 -7.633  1.18945373e-07  1.41480017e-14  0.00000000e+00   29.133889
 -7.600  1.47696219e-07  2.18141731e-14  0.00000000e+00   28.880000
 -7.567  1.83158409e-07  3.35470028e-14  0.00000000e+00   28.627222
 -7.533  2.26839729e-07  5.14562629e-14  0.00000000e+00   28.375556
 -7.500  2.80572596e-07  7.87209818e-14  0.00000000e+00   28.125000
 -7.467  3.46580670e-07  1.20118161e-13  0.00000000e+00   27.875556
 -7.433  4.27558401e-07  1.82806186e-13  0.00000000e+00   27.627222
 -7.400  5.26765865e-07  2.77482276e-13  0.00000000e+00   27.380000
 -7.367  6.48141619e-07  4.20087558e-13  0.00000000e+00   27.133889
 -7.333  7.96436796e-07  6.34311569e-13  0.00000000e+00   26.888889
 -7.300  9.77374136e-07  9.55260202e-13  0.00000000e+00   26.645000
 -7.267  1.19783629e-06  1.43481178e-12  0.00000000e+00   26.402222
 -7.233  1.46608838e-06  2.14941514e-12  0.00000000e+00   26.160556
 -7.200  1.79204057e-06  3.21140941e-12  0.00000000e+00   25.920000
 -7.167  2.18755735e-06  4.78540714e-12  0.00000000e+00   25.680556
 -7.133  2.66682108e-06  7.11193469e-12  0.00000000e+00   25.442222
 -7.100  3.24675874e-06  1.05414423e-11  0.00000000e+00   25.205000
 -7.067  3.94754165e-06  1.55830851e-11  0.00000000e+00   24.968889
 -7.033  4.79316992e-06  2.29744779e-11  0.00000000e+00   24.733889
 -7.000  5.81215443e-06  3.37811391e-11  0.00000000e+00   24.500000
 -6.967  7.03831131e-06  4.95378260e-11  0.00000000e+00   24.267222
 -6.933  8.51168560e-06  7.24487917e-11  0.00000000e+00   24.035556
 -6.900  1.02796231e-05  1.05670651e-10  0.00000000e+00   23.805000
 -6.867  1.23980118e-05  1.53710697e-10  0.00000000e+00   23.575556
 -6.833  1.49327167e-05  2.22986029e-10  0.00000000e+00   23.347222
 -6.800  1.79612351e-05  3.22605968e-10  0.00000000e+00   23.120000
 -6.767  2.15746023e-05  4.65463466e-10  0.00000000e+00   22.893889
 -6.733  2.58795809e-05  6.69752706e-10  0.00000000e+00   22.668889
 -6.700  3.10011708e-05  9.61072590e-10  0.00000000e+00   22.445000
 -6.667  3.70854814e-05  1.37533293e-09  0.00000000e+00   22.222222
 -6.633  4.43030098e-05  1.96275668e-09  0.00000000e+00   22.000556
 -6.600  5.28523763e-05  2.79337368e-09  0.00000000e+00   21.780000
 -6.567  6.29645686e-05  3.96453690e-09  0.00000000e+00   21.560556
 -6.533  7.49077574e-05  5.61117211e-09  0.00000000e+00   21.342222
 -6.500  8.89927428e-05  7.91970828e-09  0.00000000e+00   21.125000
 -6.467  1.05579104e-04  1.11469473e-08  0.00000000e+00   20.908889
 -6.433  1.25082125e-04  1.56455379e-08  0.00000000e+00   20.693889
 -6.400  1.47980570e-04  2.18982492e-08  0.00000000e+00   20.480000
 -6.367  1.74825407e-04  3.05639228e-08  0.00000000e+00   20.267222
 -6.333  2.06249543e-04  4.25388740e-08  0.00000000e+00   20.055556
 -6.300  2.42978693e-04  5.90386450e-08  0.00000000e+00   19.845000
 -6.267  2.85843448e-04  8.17064769e-08  0.00000000e+00   19.635556
 -6.233  3.35792670e-04  1.12756717e-07  0.00000000e+00   19.427222
 -6.200  3.93908283e-04  1.55163735e-07  0.00000000e+00   19.220000
 -6.167  4.61421592e-04  2.12909886e-07  0.00000000e+00   19.013889
 -6.133  5.39731209e-04  2.91309777e-07  0.00000000e+00   18.808889
 -6.100  6.30422680e-04  3.97432755e-07  0.00000000e+00   18.605000
 -6.067  7.35289930e-04  5.40651282e-07  0.00000000e+00   18.402222
 -6.033  8.56358584e-04  7.33350025e-07  0.00000000e+00   18.200556
 -6.000  9.95911248e-04  9.91839214e-07  0.00000000e+00   18.000000
 -5.967  1.15651482e-03  1.33752653e-06  0.00000000e+00   17.800556
 -5.933  1.34104986e-03  1.79841472e-06  0.00000000e+00   17.602222
 -5.900  1.55274206e-03  2.41100790e-06  0.00000000e+00   17.405000
 -5.867  1.79519579e-03  3.22272793e-06  0.00000000e+00   17.208889
 -5.833  2.07242973e-03  4.29496499e-06  0.00000000e+00   17.013889
 -5.800  2.38891445e-03  5.70691223e-06  0.00000000e+00   16.820000
 -5.767  2.74961188e-03  7.56036549e-06  0.00000000e+00   16.627222
 -5.733  3.16001657e-03  9.98570471e-06  0.00000000e+00   16.435556
 -5.700  3.62619835e-03  1.31493145e-05  0.00000000e+00   16.245000
 -5.667  4.15484634e-03  1.72627481e-05  0.00000000e+00   16.055556
 -5.633  4.75331380e-03  2.25939921e-05  0.00000000e+00   15.867222
 -5.600  5.42966349e-03  2.94812456e-05  0.00000000e+00   15.680000
 -5.567  6.19271308e-03  3.83496952e-05  0.00000000e+00   15.493889
 -5.533  7.05207987e-03  4.97318305e-05  0.00000000e+00   15.308889
 -5.500  8.01822440e-03  6.42919226e-05  0.00000000e+00   15.125000
 -5.467  9.10249190e-03  8.28553588e-05  0.00000000e+00   14.942222
 -5.433  1.03171509e-02  1.06443603e-04  0.00000000e+00   14.760556
 -5.400  1.16754279e-02  1.36315617e-04  0.00000000e+00   14.580000
 -5.367  1.31915371e-02  1.74016651e-04  0.00000000e+00   14.400556
 -5.333  1.48807038e-02  2.21435346e-04  0.00000000e+00   14.222222
 -5.300  1.67591804e-02  2.80870127e-04  0.00000000e+00   14.045000
 -5.267  1.88442531e-02  3.55105874e-04  0.00000000e+00   13.868889
 -5.233  2.11542384e-02  4.47501802e-04  0.00000000e+00   13.693889
 -5.200  2.37084674e-02  5.62091426e-04  0.00000000e+00   13.520000
 -5.167  2.65272556e-02  7.03695291e-04  0.00000000e+00   13.347222
 -5.133  2.96318578e-02  8.78047000e-04  0.00000000e+00   13.175556
 -5.100  3.30444047e-02  1.09193268e-03  0.00000000e+00   13.005000
 -5.067  3.67878200e-02  1.35334370e-03  0.00000000e+00   12.835556
 -5.033  4.08857166e-02  1.67164182e-03  0.00000000e+00   12.667222
 -5.000  4.53622690e-02  2.05773544e-03  0.00000000e+00   12.500000
 -4.967  5.02420603e-02  2.52426463e-03  0.00000000e+00   12.333889
 -4.933  5.55499031e-02  3.08579173e-03  0.00000000e+00   12.168889
 -4.900  6.13106306e-02  3.75899342e-03  0.00000000e+00   12.005000
 -4.867  6.75488588e-02  4.56284832e-03  0.00000000e+00   11.842222
 -4.833  7.42887170e-02  5.51881348e-03  0.00000000e+00   11.680556
 -4.800  8.15535466e-02  6.65098096e-03  0.00000000e+00   11.520000
 -4.767  8.93655663e-02  7.98620444e-03  0.00000000e+00   11.360556
 -4.733  9.77455061e-02  9.55418397e-03  0.00000000e+00   11.202222
 -4.700  1.06712208e-01  1.13874953e-02  0.00000000e+00   11.045000
 -4.667  1.16282193e-01  1.35215485e-02  0.00000000e+00   10.888889
 -4.633  1.26469206e-01  1.59944602e-02  0.00000000e+00   10.733889
 -4.600  1.37283721e-01  1.88468201e-02  0.00000000e+00   10.580000
 -4.567  1.48732431e-01  2.21213360e-02  0.00000000e+00   10.427222
 -4.533  1.60817712e-01  2.58623366e-02  0.00000000e+00   10.275556
 -4.500  1.73537075e-01  3.01151163e-02  0.00000000e+00   10.125000
 -4.467  1.86882597e-01  3.49251051e-02  0.00000000e+00    9.975556
 -4.433  2.00840361e-01  4.03368505e-02  0.00000000e+00    9.827222
 -4.400  2.15389884e-01  4.63928023e-02  0.00000000e+00    9.680000
 -4.367  2.30503568e-01  5.31318948e-02  0.00000000e+00    9.533889
 -4.333  2.46146158e-01  6.05879310e-02  0.00000000e+00    9.388889
 -4.300  2.62274241e-01  6.87877772e-02  0.00000000e+00    9.245000
 -4.267  2.78835776e-01  7.77493901e-02  0.00000000e+00    9.102222
 -4.233  2.95769684e-01  8.74797060e-02  0.00000000e+00    8.960556
 -4.200  3.13005490e-01  9.79724367e-02  0.00000000e+00    8.820000
 -4.167  3.30463052e-01  1.09205829e-01  0.00000000e+00    8.680556
 -4.133  3.48052376e-01  1.21140456e-01  0.00000000e+00    8.542222
 -4.100  3.65674352e-01  1.33717732e-01  7.60994668e-01    8.405000
 -4.067  3.83218314e-01  1.46856276e-01  4.87909428e-01    8.268889
 -4.033  4.00564669e-01  1.60452054e-01  3.87654443e-01    8.133889
 -4.000  4.17584378e-01  1.74376713e-01  3.31716405e-01    8.000000
 -3.967  4.34139400e-01  1.88477019e-01  2.94867402e-01    7.867222
 -3.933  4.50083307e-01  2.02574984e-01  2.68274677e-01    7.735556
 -3.900  4.65262070e-01  2.16468793e-01  2.47936987e-01    7.605000
 -3.867  4.79515013e-01  2.29934648e-01  2.31744146e-01    7.475556
 -3.833  4.92675966e-01  2.42729608e-01  2.18464205e-01    7.347222
 -3.800  5.04574590e-01  2.54595517e-01  2.07323336e-01    7.220000
 -3.767  5.15037894e-01  2.65264032e-01  1.97807804e-01    7.093889
 -3.733  5.23891933e-01  2.74462758e-01  1.89561417e-01    6.968889
 -3.700  5.30963687e-01  2.81922437e-01  1.82328412e-01    6.845000
 -3.667  5.36083098e-01  2.87385088e-01  1.75919773e-01    6.722222
 -3.633  5.39085268e-01  2.90612927e-01  1.70192387e-01    6.600556
 -3.600  5.39812787e-01  2.91397846e-01  1.65035652e-01    6.480000
 -3.567  5.38118180e-01  2.89571176e-01  1.60362560e-01    6.360556
 -3.533  5.33866435e-01  2.85013370e-01  1.56103598e-01    6.242222
 -3.500  5.26937597e-01  2.77663231e-01  1.52202479e-01    6.125000
 -3.467  5.17229385e-01  2.67526237e-01  1.48613069e-01    6.008889
 -3.433  5.04659791e-01  2.54681504e-01  1.45297154e-01    5.893889
 -3.400  4.89169633e-01  2.39286930e-01  1.42222771e-01    5.780000
 -3.367  4.70725013e-01  2.21582038e-01  1.39362955e-01    5.667222
 -3.333  4.49319622e-01  2.01888123e-01  1.36694781e-01    5.555556
 -3.300  4.24976870e-01  1.80605340e-01  1.34198611e-01    5.445000
 -3.267  3.97751761e-01  1.58206463e-01  1.31857519e-01    5.335556
 -3.233  3.67732491e-01  1.35227185e-01  1.29656827e-01    5.227222
 -3.200  3.35041704e-01  1.12252944e-01  1.27583734e-01    5.120000
 -3.167  2.99837362e-01  8.99024435e-02  1.25627019e-01    5.013889
 -3.133  2.62313183e-01  6.88082059e-02  1.23776801e-01    4.908889
 -3.100  2.22698613e-01  4.95946723e-02  1.22024339e-01    4.805000
 -3.067  1.81258284e-01  3.28545655e-02  1.20361867e-01    4.702222
 -3.033  1.38290932e-01  1.91243818e-02  1.18782464e-01    4.600556
 -3.000  9.41277504e-02  8.86003339e-03  1.17279933e-01    4.500000
 -2.967  4.91301656e-02  2.41377317e-03  1.15848711e-01    4.400556
 -2.933  3.68701509e-03  1.35940803e-05  1.14483789e-01    4.302222
 -2.900 -4.17888569e-02  1.74630856e-03  1.13180638e-01    4.205000
 -2.867 -8.68645829e-02  7.54545576e-03  1.11935157e-01    4.108889
 -2.833 -1.31091809e-01  1.71850623e-02  1.10743621e-01    4.013889
 -2.800 -1.74011750e-01  3.02800891e-02  1.09602635e-01    3.920000
 -2.767 -2.15160721e-01  4.62941359e-02  1.08509104e-01    3.827222
 -2.733 -2.54076081e-01  6.45546550e-02  1.07460192e-01    3.735556
 -2.700 -2.90302526e-01  8.42755563e-02  1.06453301e-01    3.645000
 -2.667 -3.23398644e-01  1.04586683e-01  1.05486043e-01    3.555556
 -2.633 -3.52943653e-01  1.24569222e-01  1.04556221e-01    3.467222
 -2.600 -3.78544206e-01  1.43295716e-01  1.03661808e-01    3.380000
 -2.567 -3.99841168e-01  1.59872960e-01  1.02800931e-01    3.293889
 -2.533 -4.16516246e-01  1.73485783e-01  1.01971856e-01    3.208889
 -2.500 -4.28298345e-01  1.83439473e-01  1.01172978e-01    3.125000
 -2.467 -4.34969545e-01  1.89198505e-01  1.00402805e-01    3.042222
 -2.433 -4.36370550e-01  1.90419257e-01  9.96599508e-02    2.960556
 -2.400 -4.32405516e-01  1.86974530e-01  9.89431240e-02    2.880000
 -2.367 -4.23046112e-01  1.78968013e-01  9.82511215e-02    2.800556
 -2.333 -4.08334730e-01  1.66737251e-01  9.75828200e-02    2.722222
 -2.300 -3.88386712e-01  1.50844238e-01  9.69371694e-02    2.645000
 -2.267 -3.63391538e-01  1.32053410e-01  9.63131874e-02    2.568889
 -2.233 -3.33612865e-01  1.11297543e-01  9.57099538e-02    2.493889
 -2.200 -2.99387382e-01  8.96328046e-02  9.51266056e-02    2.420000
 -2.167 -2.61122434e-01  6.81849257e-02  9.45623327e-02    2.347222
 -2.133 -2.19292385e-01  4.80891502e-02  9.40163737e-02    2.275556
 -2.100 -1.74433737e-01  3.04271288e-02  9.34880128e-02    2.205000
 -2.067 -1.27139024e-01  1.61643313e-02  9.29765757e-02    2.135556
 -2.033 -7.80495256e-02  6.09172845e-03  9.24814275e-02    2.067222
 -2.000 -2.78468922e-02  7.75449406e-04  9.20019690e-02    2.000000
 -1.967  2.27562421e-02  5.17846553e-04  9.15376352e-02    1.933889
 -1.933  7.30265164e-02  5.33287210e-03  9.10878919e-02    1.868889
 -1.900  1.22220835e-01  1.49379325e-02  9.06522347e-02    1.805000
 -1.867  1.69597923e-01  2.87634555e-02  9.02301861e-02    1.742222
 -1.833  2.14430266e-01  4.59803390e-02  8.98212945e-02    1.680556
 -1.800  2.56016227e-01  6.55443086e-02  8.94251320e-02    1.620000
 -1.767  2.93692135e-01  8.62550704e-02  8.90412932e-02    1.560556
 -1.733  3.26844119e-01  1.06827078e-01  8.86693935e-02    1.502222
 -1.700  3.54919462e-01  1.25967824e-01  8.83090685e-02    1.445000
 -1.667  3.77437255e-01  1.42458881e-01  8.79599718e-02    1.388889
 -1.633  3.93998123e-01  1.55234521e-01  8.76217749e-02    1.333889
 -1.600  4.04292814e-01  1.63452680e-01  8.72941654e-02    1.280000
 -1.567  4.08109452e-01  1.66553325e-01  8.69768466e-02    1.227222
 -1.533  4.05339276e-01  1.64299928e-01  8.66695364e-02    1.175556
 -1.500  3.95980707e-01  1.56800720e-01  8.63719663e-02    1.125000
 -1.467  3.80141615e-01  1.44507648e-01  8.60838811e-02    1.075556
 -1.433  3.58039684e-01  1.28192415e-01  8.58050378e-02    1.027222
 -1.400  3.30000813e-01  1.08900537e-01  8.55352051e-02    0.980000
 -1.367  2.96455526e-01  8.78858788e-02  8.52741629e-02    0.933889
 -1.333  2.57933399e-01  6.65296382e-02  8.50217015e-02    0.888889
 -1.300  2.15055553e-01  4.62488911e-02  8.47776212e-02    0.845000
 -1.267  1.68525311e-01  2.84007805e-02  8.45417318e-02    0.802222
 -1.233  1.19117131e-01  1.41888909e-02  8.43138521e-02    0.760556
 -1.200  6.76640049e-02  4.57841756e-03  8.40938096e-02    0.720000
 -1.167  1.50435094e-02  2.26307176e-04  8.38814400e-02    0.680556
 -1.133 -3.78372507e-02  1.43165754e-03  8.36765866e-02    0.642222
 -1.100 -9.00575401e-02  8.11036053e-03  8.34791005e-02    0.605000
 -1.067 -1.40699447e-01  1.97963343e-02  8.32888396e-02    0.568889
 -1.033 -1.88864583e-01  3.56698308e-02  8.31056688e-02    0.533889
 -1.000 -2.33690720e-01  5.46113525e-02  8.29294597e-02    0.500000
 -0.967 -2.74368018e-01  7.52778094e-02  8.27600899e-02    0.467222
 -0.933 -3.10154550e-01  9.61958451e-02  8.25974431e-02    0.435556
 -0.900 -3.40390775e-01  1.15865880e-01  8.24414088e-02    0.405000
 -0.867 -3.64512678e-01  1.32869493e-01  8.22918820e-02    0.375556
 -0.833 -3.82063286e-01  1.45972355e-01  8.21487632e-02    0.347222
 -0.800 -3.92702310e-01  1.54215104e-01  8.20119580e-02    0.320000
 -0.767 -3.96213681e-01  1.56985281e-01  8.18813767e-02    0.293889
 -0.733 -3.92510818e-01  1.54064742e-01  8.17569348e-02    0.268889
 -0.700 -3.81639469e-01  1.45648684e-01  8.16385523e-02    0.245000
 -0.667 -3.63778039e-01  1.32334461e-01  8.15261534e-02    0.222222
 -0.633 -3.39235376e-01  1.15080640e-01  8.14196672e-02    0.200556
 -0.600 -3.08446007e-01  9.51389392e-02  8.13190265e-02    0.180000
 -0.567 -2.71962895e-01  7.39638164e-02  8.12241686e-02    0.160556
 -0.533 -2.30447837e-01  5.31062056e-02  8.11350345e-02    0.142222
 -0.500 -1.84659654e-01  3.40991877e-02  8.10515692e-02    0.125000
 -0.467 -1.35440400e-01  1.83441018e-02  8.09737215e-02    0.108889
 -0.433 -8.36998348e-02  7.00566234e-03  8.09014438e-02    0.093889
 -0.400 -3.03984633e-02  9.24066571e-04  8.08346924e-02    0.080000
 -0.367  2.34705416e-02  5.50866323e-04  8.07734268e-02    0.067222
 -0.333  7.69001680e-02  5.91363583e-03  8.07176101e-02    0.055556
 -0.300  1.28888781e-01  1.66123178e-02  8.06672088e-02    0.045000
 -0.267  1.78459340e-01  3.18477359e-02  8.06221929e-02    0.035556
 -0.233  2.24678231e-01  5.04803075e-02  8.05825355e-02    0.027222
 -0.200  2.66673335e-01  7.11146678e-02  8.05482131e-02    0.020000
 -0.167  3.03650962e-01  9.22039070e-02  8.05192053e-02    0.013889
 -0.133  3.34911305e-01  1.12165583e-01  8.04954949e-02    0.008889
 -0.100  3.59862101e-01  1.29500732e-01  8.04770679e-02    0.005000
 -0.067  3.78030214e-01  1.42906843e-01  8.04639136e-02    0.002222
 -0.033  3.89070900e-01  1.51376165e-01  8.04560241e-02    0.000556
  0.000  3.92774569e-01  1.54271862e-01  8.04533947e-02    0.000000
  0.033  3.89070900e-01  1.51376165e-01  8.04560241e-02    0.000556
  0.067  3.78030214e-01  1.42906843e-01  8.04639136e-02    0.002222
  0.100  3.59862101e-01  1.29500732e-01  8.04770679e-02    0.005000
  0.133  3.34911305e-01  1.12165583e-01  8.04954949e-02    0.008889
  0.167  3.03650962e-01  9.22039070e-02  8.05192053e-02    0.013889
  0.200  2.66673335e-01  7.11146678e-02  8.05482131e-02    0.020000
  0.233  2.24678231e-01  5.04803075e-02  8.05825355e-02    0.027222
  0.267  1.78459340e-01  3.18477359e-02  8.06221929e-02    0.035556
  0.300  1.28888781e-01  1.66123178e-02  8.06672088e-02    0.045000
  0.333  7.69001680e-02  5.91363583e-03  8.07176101e-02    0.055556
  0.367  2.34705416e-02  5.50866323e-04  8.07734268e-02    0.067222
  0.400 -3.03984633e-02  9.24066571e-04  8.08346924e-02    0.080000
  0.433 -8.36998348e-02  7.00566234e-03  8.09014438e-02    0.093889
  0.467 -1.35440400e-01  1.83441018e-02  8.09737215e-02    0.108889
  0.500 -1.84659654e-01  3.40991877e-02  8.10515692e-02    0.125000
  0.533 -2.30447837e-01  5.31062056e-02  8.11350345e-02    0.142222
  0.567 -2.71962895e-01  7.39638164e-02  8.12241686e-02    0.160556
  0.600 -3.08446007e-01  9.51389392e-02  8.13190265e-02    0.180000
  0.633 -3.39235376e-01  1.15080640e-01  8.14196672e-02    0.200556
  0.667 -3.63778039e-01  1.32334461e-01  8.15261534e-02    0.222222
  0.700 -3.81639469e-01  1.45648684e-01  8.16385523e-02    0.245000
  0.733 -3.92510818e-01  1.54064742e-01  8.17569348e-02    0.268889
  0.767 -3.96213681e-01  1.56985281e-01  8.18813767e-02    0.293889
  0.800 -3.92702310e-01  1.54215104e-01  8.20119580e-02    0.320000
  0.833 -3.82063286e-01  1.45972355e-01  8.21487632e-02    0.347222
  0.867 -3.64512678e-01  1.32869493e-01  8.22918820e-02    0.375556
  0.900 -3.40390775e-01  1.15865880e-01  8.24414088e-02    0.405000
  0.933 -3.10154550e-01  9.61958451e-02  8.25974431e-02    0.435556
  0.967 -2.74368018e-01  7.52778094e-02  8.27600899e-02    0.467222
  1.000 -2.33690720e-01  5.46113525e-02  8.29294597e-02    0.500000
  1.033 -1.88864583e-01  3.56698308e-02  8.31056688e-02    0.533889
  1.067 -1.40699447e-01  1.97963343e-02  8.32888396e-02    0.568889
  1.100 -9.00575401e-02  8.11036053e-03  8.34791005e-02    0.605000
  1.133 -3.78372507e-02  1.43165754e-03  8.36765866e-02    0.642222
  1.167  1.50435094e-02  2.26307176e-04  8.38814400e-02    0.680556
  1.200  6.76640049e-02  4.57841756e-03  8.40938096e-02    0.720000
  1.233  1.19117131e-01  1.41888909e-02  8.43138521e-02    0.760556
  1.267  1.68525311e-01  2.84007805e-02  8.45417318e-02    0.802222
  1.300  2.15055553e-01  4.62488911e-02  8.47776212e-02    0.845000
  1.333  2.57933399e-01  6.65296382e-02  8.50217015e-02    0.888889
  1.367  2.96455526e-01  8.78858788e-02  8.52741629e-02    0.933889
  1.400  3.30000813e-01  1.08900537e-01  8.55352051e-02    0.980000
  1.433  3.58039684e-01  1.28192415e-01  8.58050378e-02    1.027222
  1.467  3.80141615e-01  1.44507648e-01  8.60838811e-02    1.075556
  1.500  3.95980707e-01  1.56800720e-01  8.63719663e-02    1.125000
  1.533  4.05339276e-01  1.64299928e-01  8.66695364e-02    1.175556
  1.567  4.08109452e-01  1.66553325e-01  8.69768466e-02    1.227222
  1.600  4.04292814e-01  1.63452680e-01  8.72941654e-02    1.280000
  1.633  3.93998123e-01  1.55234521e-01  8.76217749e-02    1.333889
  1.667  3.77437255e-01  1.42458881e-01  8.79599718e-02    1.388889
  1.700  3.54919462e-01  1.25967824e-01  8.83090685e-02    1.445000
  1.733  3.26844119e-01  1.06827078e-01  8.86693935e-02    1.502222
  1.767  2.93692135e-01  8.62550704e-02  8.90412932e-02    1.560556
  1.800  2.56016227e-01  6.55443086e-02  8.94251320e-02    1.620000
  1.833  2.14430266e-01  4.59803390e-02  8.98212945e-02    1.680556
  1.867  1.69597923e-01  2.87634555e-02  9.02301861e-02    1.742222
  1.900  1.22220835e-01  1.49379325e-02  9.06522347e-02    1.805000
  1.933  7.30265164e-02  5.33287210e-03  9.10878919e-02    1.868889
  1.967  2.27562421e-02  5.17846553e-04  9.15376352e-02    1.933889
  2.000 -2.78468922e-02  7.75449406e-04  9.20019690e-02    2.000000
  2.033 -7.80495256e-02  6.09172845e-03  9.24814275e-02    2.067222
  2.067 -1.27139024e-01  1.61643313e-02  9.29765757e-02    2.135556
  2.100 -1.74433737e-01  3.04271288e-02  9.34880128e-02    2.205000
  2.133 -2.19292385e-01  4.80891502e-02  9.40163737e-02    2.275556
  2.167 -2.61122434e-01  6.81849257e-02  9.45623327e-02    2.347222
  2.200 -2.99387382e-01  8.96328046e-02  9.51266056e-02    2.420000
  2.233 -3.33612865e-01  1.11297543e-01  9.57099538e-02    2.493889
  2.267 -3.63391538e-01  1.32053410e-01  9.63131874e-02    2.568889
  2.300 -3.88386712e-01  1.50844238e-01  9.69371694e-02    2.645000
  2.333 -4.08334730e-01  1.66737251e-01  9.75828200e-02    2.722222
  2.367 -4.23046112e-01  1.78968013e-01  9.82511215e-02    2.800556
  2.400 -4.32405516e-01  1.86974530e-01  9.89431240e-02    2.880000
  2.433 -4.36370550e-01  1.90419257e-01  9.96599508e-02    2.960556
  2.467 -4.34969545e-01  1.89198505e-01  1.00402805e-01    3.042222
  2.500 -4.28298345e-01  1.83439473e-01  1.01172978e-01    3.125000
  2.533 -4.16516246e-01  1.73485783e-01  1.01971856e-01    3.208889
  2.567 -3.99841168e-01  1.59872960e-01  1.02800931e-01    3.293889
  2.600 -3.78544206e-01  1.43295716e-01  1.03661808e-01    3.380000
  2.633 -3.52943653e-01  1.24569222e-01  1.04556221e-01    3.467222
  2.667 -3.23398644e-01  1.04586683e-01  1.05486043e-01    3.555556
  2.700 -2.90302526e-01  8.42755563e-02  1.06453301e-01    3.645000
  2.733 -2.54076081e-01  6.45546550e-02  1.07460192e-01    3.735556
  2.767 -2.15160721e-01  4.62941359e-02  1.08509104e-01    3.827222
  2.800 -1.74011750e-01  3.02800891e-02  1.09602635e-01    3.920000
  2.833 -1.31091809e-01  1.71850623e-02  1.10743621e-01    4.013889
  2.867 -8.68645829e-02  7.54545576e-03  1.11935157e-01    4.108889
  2.900 -4.17888569e-02  1.74630856e-03  1.13180638e-01    4.205000
  2.933  3.68701509e-03  1.35940803e-05  1.14483789e-01    4.302222
  2.967  4.91301656e-02  2.41377317e-03  1.15848711e-01    4.400556
  3.000  9.41277504e-02  8.86003339e-03  1.17279933e-01    4.500000
  3.033  1.38290932e-01  1.91243818e-02  1.18782464e-01    4.600556
  3.067  1.81258284e-01  3.28545655e-02  1.20361867e-01    4.702222
  3.100  2.22698613e-01  4.95946723e-02  1.22024339e-01    4.805000
  3.133  2.62313183e-01  6.88082059e-02  1.23776801e-01    4.908889
  3.167  2.99837362e-01  8.99024435e-02  1.25627019e-01    5.013889
  3.200  3.35041704e-01  1.12252944e-01  1.27583734e-01    5.120000
  3.233  3.67732491e-01  1.35227185e-01  1.29656827e-01    5.227222
  3.267  3.97751761e-01  1.58206463e-01  1.31857519e-01    5.335556
  3.300  4.24976870e-01  1.80605340e-01  1.34198611e-01    5.445000
  3.333  4.49319622e-01  2.01888123e-01  1.36694781e-01    5.555556
  3.367  4.70725013e-01  2.21582038e-01  1.39362955e-01    5.667222
  3.400  4.89169633e-01  2.39286930e-01  1.42222771e-01    5.780000
  3.433  5.04659791e-01  2.54681504e-01  1.45297154e-01    5.893889
  3.467  5.17229385e-01  2.67526237e-01  1.48613069e-01    6.008889
  3.500  5.26937597e-01  2.77663231e-01  1.52202479e-01    6.125000
  3.533  5.33866435e-01  2.85013370e-01  1.56103598e-01    6.242222
  3.567  5.38118180e-01  2.89571176e-01  1.60362560e-01    6.360556
  3.600  5.39812787e-01  2.91397846e-01  1.65035652e-01    6.480000
  3.633  5.39085268e-01  2.90612927e-01  1.70192387e-01    6.600556
  3.667  5.36083098e-01  2.87385088e-01  1.75919773e-01    6.722222
  3.700  5.30963687e-01  2.81922437e-01  1.82328412e-01    6.845000
  3.733  5.23891933e-01  2.74462758e-01  1.89561417e-01    6.968889
  3.767  5.15037894e-01  2.65264032e-01  1.97807804e-01    7.093889
  3.800  5.04574590e-01  2.54595517e-01  2.07323336e-01    7.220000
  3.833  4.92675966e-01  2.42729608e-01  2.18464205e-01    7.347222
  3.867  4.79515013e-01  2.29934648e-01  2.31744146e-01    7.475556
  3.900  4.65262070e-01  2.16468793e-01  2.47936987e-01    7.605000
  3.933  4.50083307e-01  2.02574984e-01  2.68274677e-01    7.735556
  3.967  4.34139400e-01  1.88477019e-01  2.94867402e-01    7.867222
  4.000  4.17584378e-01  1.74376713e-01  3.31716405e-01    8.000000
  4.033  4.00564669e-01  1.60452054e-01  3.87654443e-01    8.133889
  4.067  3.83218314e-01  1.46856276e-01  4.87909428e-01    8.268889
  4.100  3.65674352e-01  1.33717732e-01  7.60994668e-01    8.405000
  4.133  3.48052376e-01  1.21140456e-01  0.00000000e+00    8.542222
  4.167  3.30463052e-01  1.09205829e-01  0.00000000e+00    8.680556
  4.200  3.13005490e-01  9.79724367e-02  0.00000000e+00    8.820000
  4.233  2.95769684e-01  8.74797060e-02  0.00000000e+00    8.960556
  4.267  2.78835776e-01  7.77493901e-02  0.00000000e+00    9.102222
  4.300  2.62274241e-01  6.87877772e-02  0.00000000e+00    9.245000
  4.333  2.46146158e-01  6.05879310e-02  0.00000000e+00    9.388889
  4.367  2.30503568e-01  5.31318948e-02  0.00000000e+00    9.533889
  4.400  2.15389884e-01  4.63928023e-02  0.00000000e+00    9.680000
  4.433  2.00840361e-01  4.03368505e-02  0.00000000e+00    9.827222
  4.467  1.86882597e-01  3.49251051e-02  0.00000000e+00    9.975556
  4.500  1.73537075e-01  3.01151163e-02  0.00000000e+00   10.125000
  4.533  1.60817712e-01  2.58623366e-02  0.00000000e+00   10.275556
  4.567  1.48732431e-01  2.21213360e-02  0.00000000e+00   10.427222
  4.600  1.37283721e-01  1.88468201e-02  0.00000000e+00   10.580000
  4.633  1.26469206e-01  1.59944602e-02  0.00000000e+00   10.733889
  4.667  1.16282193e-01  1.35215485e-02  0.00000000e+00   10.888889
  4.700  1.06712208e-01  1.13874953e-02  0.00000000e+00   11.045000
  4.733  9.77455061e-02  9.55418397e-03  0.00000000e+00   11.202222
  4.767  8.93655663e-02  7.98620444e-03  0.00000000e+00   11.360556
  4.800  8.15535466e-02  6.65098096e-03  0.00000000e+00   11.520000
  4.833  7.42887170e-02  5.51881348e-03  0.00000000e+00   11.680556
  4.867  6.75488588e-02  4.56284832e-03  0.00000000e+00   11.842222
  4.900  6.13106306e-02  3.75899342e-03  0.00000000e+00   12.005000
  4.933  5.55499031e-02  3.08579173e-03  0.00000000e+00   12.168889
  4.967  5.02420603e-02  2.52426463e-03  0.00000000e+00   12.333889
  5.000  4.53622690e-02  2.05773544e-03  0.00000000e+00   12.500000
  5.033  4.08857166e-02  1.67164182e-03  0.00000000e+00   12.667222
  5.067  3.67878200e-02  1.35334370e-03  0.00000000e+00   12.835556
  5.100  3.30444047e-02  1.09193268e-03  0.00000000e+00   13.005000
  5.133  2.96318578e-02  8.78047000e-04  0.00000000e+00   13.175556
  5.167  2.65272556e-02  7.03695291e-04  0.00000000e+00   13.347222
  5.200  2.37084674e-02  5.62091426e-04  0.00000000e+00   13.520000
  5.233  2.11542384e-02  4.47501802e-04  0.00000000e+00   13.693889
  5.267  1.88442531e-02  3.55105874e-04  0.00000000e+00   13.868889
  5.300  1.67591804e-02  2.80870127e-04  0.00000000e+00   14.045000
  5.333  1.48807038e-02  2.21435346e-04  0.00000000e+00   14.222222
  5.367  1.31915371e-02  1.74016651e-04  0.00000000e+00   14.400556
  5.400  1.16754279e-02  1.36315617e-04  0.00000000e+00   14.580000
  5.433  1.03171509e-02  1.06443603e-04  0.00000000e+00   14.760556
  5.467  9.10249190e-03  8.28553588e-05  0.00000000e+00   14.942222
  5.500  8.01822440e-03  6.42919226e-05  0.00000000e+00   15.125000
  5.533  7.05207987e-03  4.97318305e-05  0.00000000e+00   15.308889
  5.567  6.19271308e-03  3.83496952e-05  0.00000000e+00   15.493889
  5.600  5.42966349e-03  2.94812456e-05  0.00000000e+00   15.680000
  5.633  4.75331380e-03  2.25939921e-05  0.00000000e+00   15.867222
  5.667  4.15484634e-03  1.72627481e-05  0.00000000e+00   16.055556
  5.700  3.62619835e-03  1.31493145e-05  0.00000000e+00   16.245000
  5.733  3.16001657e-03  9.98570471e-06  0.00000000e+00   16.435556
  5.767  2.74961188e-03  7.56036549e-06  0.00000000e+00   16.627222
  5.800  2.38891445e-03  5.70691223e-06  0.00000000e+00   16.820000
  5.833  2.07242973e-03  4.29496499e-06  0.00000000e+00   17.013889
  5.867  1.79519579e-03  3.22272793e-06  0.00000000e+00   17.208889
  5.900  1.55274206e-03  2.41100790e-06  0.00000000e+00   17.405000
  5.933  1.34104986e-03  1.79841472e-06  0.00000000e+00   17.602222
  5.967  1.15651482e-03  1.33752653e-06  0.00000000e+00   17.800556
  6.000  9.95911248e-04  9.91839214e-07  0.00000000e+00   18.000000
  6.033  8.56358584e-04  7.33350025e-07  0.00000000e+00   18.200556
  6.067  7.35289930e-04  5.40651282e-07  0.00000000e+00   18.402222
  6.100  6.30422680e-04  3.97432755e-07  0.00000000e+00   18.605000
  6.133  5.39731209e-04  2.91309777e-07  0.00000000e+00   18.808889
  6.167  4.61421592e-04  2.12909886e-07  0.00000000e+00   19.013889
  6.200  3.93908283e-04  1.55163735e-07  0.00000000e+00   19.220000
  6.233  3.35792670e-04  1.12756717e-07  0.00000000e+00   19.427222
  6.267  2.85843448e-04  8.17064769e-08  0.00000000e+00   19.635556
  6.300  2.42978693e-04  5.90386450e-08  0.00000000e+00   19.845000
  6.333  2.06249543e-04  4.25388740e-08  0.00000000e+00   20.055556
  6.367  1.74825407e-04  3.05639228e-08  0.00000000e+00   20.267222
  6.400  1.47980570e-04  2.18982492e-08  0.00000000e+00   20.480000
  6.433  1.25082125e-04  1.56455379e-08  0.00000000e+00   20.693889
  6.467  1.05579104e-04  1.11469473e-08  0.00000000e+00   20.908889
  6.500  8.89927428e-05  7.91970828e-09  0.00000000e+00   21.125000
  6.533  7.49077574e-05  5.61117211e-09  0.00000000e+00   21.342222
  6.567  6.29645686e-05  3.96453690e-09  0.00000000e+00   21.560556
  6.600  5.28523763e-05  2.79337368e-09  0.00000000e+00   21.780000
  6.633  4.43030098e-05  1.96275668e-09  0.00000000e+00   22.000556
  6.667  3.70854814e-05  1.37533293e-09  0.00000000e+00   22.222222
  6.700  3.10011708e-05  9.61072590e-10  0.00000000e+00   22.445000
  6.733  2.58795809e-05  6.69752706e-10  0.00000000e+00   22.668889
  6.767  2.15746023e-05  4.65463466e-10  0.00000000e+00   22.893889
  6.800  1.79612351e-05  3.22605968e-10  0.00000000e+00   23.120000
  6.833  1.49327167e-05  2.22986029e-10  0.00000000e+00   23.347222
  6.867  1.23980118e-05  1.53710697e-10  0.00000000e+00   23.575556
  6.900  1.02796231e-05  1.05670651e-10  0.00000000e+00   23.805000
  6.933  8.51168560e-06  7.24487917e-11  0.00000000e+00   24.035556
  6.967  7.03831131e-06  4.95378260e-11  0.00000000e+00   24.267222
  7.000  5.81215443e-06  3.37811391e-11  0.00000000e+00   24.500000
  7.033  4.79316992e-06  2.29744779e-11  0.00000000e+00   24.733889
  7.067  3.94754165e-06  1.55830851e-11  0.00000000e+00   24.968889
  7.100  3.24675874e-06  1.05414423e-11  0.00000000e+00   25.205000
  7.133  2.66682108e-06  7.11193469e-12  0.00000000e+00   25.442222
  7.167  2.18755735e-06  4.78540714e-12  0.00000000e+00   25.680556
  7.200  1.79204057e-06  3.21140941e-12  0.00000000e+00   25.920000
  7.233  1.46608838e-06  2.14941514e-12  0.00000000e+00   26.160556
  7.267  1.19783629e-06  1.43481178e-12  0.00000000e+00   26.402222
  7.300  9.77374136e-07  9.55260202e-13  0.00000000e+00   26.645000
  7.333  7.96436796e-07  6.34311569e-13  0.00000000e+00   26.888889
  7.367  6.48141619e-07  4.20087558e-13  0.00000000e+00   27.133889
  7.400  5.26765865e-07  2.77482276e-13  0.00000000e+00   27.380000
  7.433  4.27558401e-07  1.82806186e-13  0.00000000e+00   27.627222
  7.467  3.46580670e-07  1.20118161e-13  0.00000000e+00   27.875556
  7.500  2.80572596e-07  7.87209818e-14  0.00000000e+00   28.125000
  7.533  2.26839729e-07  5.14562629e-14  0.00000000e+00   28.375556
  7.567  1.83158409e-07  3.35470028e-14  0.00000000e+00   28.627222
  7.600  1.47696219e-07  2.18141731e-14  0.00000000e+00   28.880000
  7.633  1.18945373e-07  1.41480017e-14  0.00000000e+00   29.133889
  7.667  9.56670225e-08  9.15217919e-15  0.00000000e+00   29.388889
  7.700  7.68447759e-08  5.90511958e-15  0.00000000e+00   29.645000
  7.733  6.16459667e-08  3.80022521e-15  0.00000000e+00   29.902222
  7.767  4.93894332e-08  2.43931611e-15  0.00000000e+00   30.160556
  7.800  3.95187580e-08  1.56173223e-15  0.00000000e+00   30.420000
  7.833  3.15800783e-08  9.97301343e-16  0.00000000e+00   30.680556
  7.867  2.52037159e-08  6.35227295e-16  0.00000000e+00   30.942222
  7.900  2.00889937e-08  4.03567668e-16  0.00000000e+00   31.205000
  7.933  1.59917056e-08  2.55734647e-16  0.00000000e+00   31.468889
  7.967  1.27137929e-08  1.61640530e-16  0.00000000e+00   31.733889
  8.000  1.00948522e-08  1.01906041e-16  0.00000000e+00   32.000000
  8.033  8.00515986e-09  6.40825844e-17  0.00000000e+00   32.267222
  8.067  6.33995212e-09  4.01949929e-17  0.00000000e+00   32.535556
  8.100  5.01474181e-09  2.51476354e-17  0.00000000e+00   32.805000
  8.133  3.96148942e-09  1.56933984e-17  0.00000000e+00   33.075556
  8.167  3.12547787e-09  9.76861192e-18  0.00000000e+00   33.347222
  8.200  2.46276535e-09  6.06521315e-18  0.00000000e+00   33.620000
  8.233  1.93811249e-09  3.75628001e-18  0.00000000e+00   33.893889
  8.267  1.52329815e-09  2.32043727e-18  0.00000000e+00   34.168889
  8.300  1.19575302e-09  1.42982528e-18  0.00000000e+00   34.445000
  8.333  9.37452605e-10  8.78817386e-19  0.00000000e+00   34.722222
  8.367  7.34021943e-10  5.38788213e-19  0.00000000e+00   35.000556
  8.400  5.74012392e-10  3.29490226e-19  0.00000000e+00   35.280000
  8.433  4.48318438e-10  2.00989422e-19  0.00000000e+00   35.560556
  8.467  3.49708054e-10  1.22295723e-19  0.00000000e+00   35.842222
  8.500  2.72445073e-10  7.42263179e-20  0.00000000e+00   36.125000
  8.533  2.11985986e-10  4.49380582e-20  0.00000000e+00   36.408889
  8.567  1.64736859e-10  2.71382328e-20  0.00000000e+00   36.693889
  8.600  1.27858738e-10  1.63478569e-20  0.00000000e+00   36.980000
  8.633  9.91120825e-11  9.82320489e-21  0.00000000e+00   37.267222
  8.667  7.67325957e-11  5.88789125e-21  0.00000000e+00   37.555556
  8.700  5.93322501e-11  3.52031590e-21  0.00000000e+00   37.845000
  8.733  4.58205100e-11  2.09951913e-21  0.00000000e+00   38.135556
  8.767  3.53417226e-11  1.24903736e-21  0.00000000e+00   38.427222
  8.800  2.72254283e-11  7.41223944e-22  0.00000000e+00   38.720000
  8.833  2.09469814e-11  4.38776030e-22  0.00000000e+00   39.013889
  8.867  1.60963867e-11  2.59093666e-22  0.00000000e+00   39.308889
  8.900  1.23536720e-11  1.52613212e-22  0.00000000e+00   39.605000
  8.933  9.46945410e-12  8.96705610e-23  0.00000000e+00   39.902222
  8.967  7.24962444e-12  5.25570545e-23  0.00000000e+00   40.200556
  9.000  5.54329816e-12  3.07281545e-23  0.00000000e+00   40.500000
  9.033  4.23334440e-12  1.79212048e-23  0.00000000e+00   40.800556
  9.067  3.22895549e-12  1.04261535e-23  0.00000000e+00   41.102222
  9.100  2.45982416e-12  6.05073489e-24  0.00000000e+00   41.405000
  9.133  1.87158717e-12  3.50283855e-24  0.00000000e+00   41.708889
  9.167  1.42226488e-12  2.02283740e-24  0.00000000e+00   42.013889
  9.200  1.07948289e-12  1.16528332e-24  0.00000000e+00   42.320000
  9.233  8.18307060e-13  6.69626444e-25  0.00000000e+00   42.627222
  9.267  6.19558704e-13  3.83852987e-25  0.00000000e+00   42.935556
  9.300  4.68505387e-13  2.19497297e-25  0.00000000e+00   43.245000
  9.333  3.53844894e-13  1.25206209e-25  0.00000000e+00   43.555556
  9.367  2.66917852e-13  7.12451395e-26  0.00000000e+00   43.867222
  9.400  2.01098372e-13  4.04405551e-26  0.00000000e+00   44.180000
  9.433  1.51323102e-13  2.28986813e-26  0.00000000e+00   44.493889
  9.467  1.13727755e-13  1.29340022e-26  0.00000000e+00   44.808889
  9.500  8.53669537e-14  7.28751679e-27  0.00000000e+00   45.125000
  9.533  6.39986009e-14  4.09582092e-27  0.00000000e+00   45.442222
  9.567  4.79181226e-14  2.29614648e-27  0.00000000e+00   45.760556
  9.600  3.58312266e-14  1.28387680e-27  0.00000000e+00   46.080000
  9.633  2.67563508e-14  7.15902308e-28  0.00000000e+00   46.400556
  9.667  1.99499702e-14  3.98001309e-28  0.00000000e+00   46.722222
  9.700  1.48494736e-14  2.20506867e-28  0.00000000e+00   47.045000
  9.733  1.10295265e-14  1.21650454e-28  0.00000000e+00   47.368889
  9.767  8.16876305e-15  6.67286897e-29  0.00000000e+00   47.693889
  9.800  6.02437821e-15  3.62931328e-29  0.00000000e+00   48.020000
  9.833  4.41274060e-15  1.94722796e-29  0.00000000e+00   48.347222
  9.867  3.19458109e-15  1.02053483e-29  0.00000000e+00   48.675556
  9.900  2.26363725e-15  5.12405361e-30  0.00000000e+00   49.005000
  9.933  1.53788426e-15  2.36508800e-30  0.00000000e+00   49.335556
  9.967  9.52670328e-16  9.07580754e-31  0.00000000e+00   49.667222
 10.000  4.55211860e-16  2.07217837e-31  0.00000000e+00   50.000000
