-10.000 -1.85433193e-17  3.43854689e-34  0.00000000e+00   50.000000
 -9.967 -3.88913000e-17  1.51253321e-33  0.00000000e+00   49.667222
 -9.933 -6.29973273e-17  3.96866324e-33  0.00000000e+00   49.335556
 -9.900 -9.31446870e-17  8.67593271e-33  0.00000000e+00   49.005000
 -9.867 -1.32155640e-16  1.74651133e-32  0.00000000e+00   48.675556
 -9.833 -1.83644649e-16  3.37253573e-32  0.00000000e+00   48.347222
 -9.800 -2.52337541e-16  6.36742345e-32  0.00000000e+00   48.020000
 -9.767 -3.44483425e-16  1.18668830e-31  0.00000000e+00   47.693889
 -9.733 -4.68393358e-16  2.19392338e-31  0.00000000e+00   47.368889
 -9.700 -6.35149566e-16  4.03414971e-31  0.00000000e+00   47.045000
 -9.667 -8.59542212e-16  7.38812814e-31  0.00000000e+00   46.722222
 -9.633 -1.16130817e-15  1.34863667e-30  0.00000000e+00   46.400556
 -9.600 -1.56676927e-15  2.45476596e-30  0.00000000e+00   46.080000
 -9.567 -2.11099759e-15  4.45631082e-30  0.00000000e+00   45.760556
 -9.533 -2.84067482e-15  8.06943345e-30  0.00000000e+00   45.442222
 -9.500 -3.81786422e-15  1.45760872e-29  0.00000000e+00   45.125000
 -9.467 -5.12498033e-15  2.62654234e-29  0.00000000e+00   44.808889
 -9.433 -6.87132907e-15  4.72151632e-29  0.00000000e+00   44.493889
 -9.400 -9.20170322e-15  8.46713421e-29  0.00000000e+00   44.180000
 -9.367 -1.23076649e-14  1.51478616e-28  0.00000000e+00   43.867222
 -9.333 -1.64423362e-14  2.70350421e-28  0.00000000e+00   43.555556
 -9.300 -2.19397627e-14  4.81353188e-28  0.00000000e+00   43.245000
 -9.267 -2.92402314e-14  8.54991135e-28  0.00000000e+00   42.935556
 -9.233 -3.89233312e-14  1.51502571e-27  0.00000000e+00   42.627222
 -9.200 -5.17510648e-14  2.67817270e-27  0.00000000e+00   42.320000
 -9.167 -6.87239977e-14  4.72298785e-27  0.00000000e+00   42.013889
 -9.133 -9.11542868e-14  8.30910401e-27  0.00000000e+00   41.708889
 -9.100 -1.20760541e-13  1.45831082e-26  0.00000000e+00   41.405000
 -9.067 -1.59790872e-13  2.55331227e-26  0.00000000e+00   41.102222
 -9.033 -2.11182314e-13  4.45979699e-26  0.00000000e+00   40.800556
 -9.000 -2.78767070e-13  7.77110794e-26  0.00000000e+00   40.500000
 -8.967 -3.67538997e-13  1.35084914e-25  0.00000000e+00   40.200556
 -8.933 -4.83997467e-13  2.34253548e-25  0.00000000e+00   39.902222
 -8.900 -6.36590469e-13  4.05247425e-25  0.00000000e+00   39.605000
 -8.867 -8.36284841e-13  6.99372335e-25  0.00000000e+00   39.308889
 -8.833 -1.09729912e-12  1.20406536e-24  0.00000000e+00   39.013889
 -8.800 -1.43804412e-12  2.06797090e-24  0.00000000e+00   38.720000
 -8.767 -1.88232851e-12  3.54316063e-24  0.00000000e+00   38.427222
 -8.733 -2.46090195e-12  6.05603843e-24  0.00000000e+00   38.135556
 -8.700 -3.21342766e-12  1.03261174e-23  0.00000000e+00   37.845000
 -8.667 -4.19100051e-12  1.75644853e-23  0.00000000e+00   37.555556
 -8.633 -5.45935713e-12  2.98045802e-23  0.00000000e+00   37.267222
 -8.600 -7.10296269e-12  5.04520790e-23  0.00000000e+00   36.980000
 -8.567 -9.23020671e-12  8.51967160e-23  0.00000000e+00   36.693889
 -8.533 -1.19799997e-11  1.43520393e-22  0.00000000e+00   36.408889
 -8.500 -1.55301372e-11  2.41185162e-22  0.00000000e+00   36.125000
 -8.467 -2.01078896e-11  4.04327226e-22  0.00000000e+00   35.842222
 -8.433 -2.60033928e-11  6.76176435e-22  0.00000000e+00   35.560556
 -8.400 -3.35865551e-11  1.12805669e-21  0.00000000e+00   35.280000
 -8.367 -4.33283775e-11  1.87734830e-21  0.00000000e+00   35.000556
 -8.333 -5.58277983e-11  3.11674306e-21  0.00000000e+00   34.722222
 -8.300 -7.18454497e-11  5.16176864e-21  0.00000000e+00   34.445000
 -8.267 -9.23460461e-11  8.52779223e-21  0.00000000e+00   34.168889
 -8.233 -1.18551537e-10  1.40544668e-20  0.00000000e+00   33.893889
 -8.200 -1.52007662e-10  2.31063293e-20  0.00000000e+00   33.620000
 -8.167 -1.94667181e-10  3.78953115e-20  0.00000000e+00   33.347222
 -8.133 -2.48993796e-10  6.19979105e-20  0.00000000e+00   33.075556
 -8.100 -3.18091734e-10  1.01182351e-19  0.00000000e+00   32.805000
 -8.067 -4.05867104e-10  1.64728106e-19  0.00000000e+00   32.535556
 -8.033 -5.17228524e-10  2.67525346e-19  0.00000000e+00   32.267222
 -8.000 -6.58336230e-10  4.33406592e-19  0.00000000e+00   32.000000
 -7.967 -8.36910927e-10  7.00419900e-19  0.00000000e+00   31.733889
 -7.933 -1.06261619e-09  1.12915316e-18  0.00000000e+00   31.468889
 -7.900 -1.34753120e-09  1.81584033e-18  0.00000000e+00   31.205000
 -7.867 -1.70673440e-09  2.91294231e-18  0.00000000e+00   30.942222
 -7.833 -2.15902294e-09  4.66138005e-18  0.00000000e+00   30.680556
 -7.800 -2.72779832e-09  7.44088365e-18  0.00000000e+00   30.420000
 -7.767 -3.44215496e-09  1.18484308e-17  0.00000000e+00   30.160556
 -7.733 -4.33821635e-09  1.88201211e-17  0.00000000e+00   29.902222
 -7.700 -5.46077248e-09  2.98200360e-17  0.00000000e+00   29.645000
 -7.667 -6.86528380e-09  4.71321217e-17  0.00000000e+00   29.388889
 -7.633 -8.62032992e-09  7.43100879e-17  0.00000000e+00   29.133889
 -7.600 -1.08105974e-08  1.16869016e-16  0.00000000e+00   28.880000
 -7.567 -1.35405198e-08  1.83345676e-16  0.00000000e+00   28.627222
 -7.533 -1.69387060e-08  2.86919761e-16  0.00000000e+00   28.375556
 -7.500 -2.11633192e-08  4.47886082e-16  0.00000000e+00   28.125000
 -7.467 -2.64086007e-08  6.97414193e-16  0.00000000e+00   27.875556
 -7.433 -3.29127703e-08  1.08325045e-15  0.00000000e+00   27.627222
 -7.400 -4.09675794e-08  1.67834256e-15  0.00000000e+00   27.380000
 -7.367 -5.09298448e-08  2.59384909e-15  0.00000000e+00   27.133889
 -7.333 -6.32353520e-08  3.99870974e-15  0.00000000e+00   26.888889
 -7.300 -7.84155896e-08  6.14900470e-15  0.00000000e+00   26.645000
 -7.267 -9.71178597e-08  9.43187867e-15  0.00000000e+00   26.402222
 -7.233 -1.20129407e-07  1.44310745e-14  0.00000000e+00   26.160556
 -7.200 -1.48406328e-07  2.20244381e-14  0.00000000e+00   25.920000
 -7.167 -1.83108142e-07  3.35285916e-14  0.00000000e+00   25.680556
 -7.133 -2.25639086e-07  5.09129972e-14  0.00000000e+00   25.442222
 -7.100 -2.77697343e-07  7.71158143e-14  0.00000000e+00   25.205000
 -7.067 -3.41333642e-07  1.16508655e-13  0.00000000e+00   24.968889
 -7.033 -4.19020907e-07  1.75578521e-13  0.00000000e+00   24.733889
 -7.000 -5.13736894e-07  2.63925596e-13  0.00000000e+00   24.500000
 -6.967 -6.29062080e-07  3.95719100e-13  0.00000000e+00   24.267222
 -6.933 -7.69295433e-07  5.91815463e-13  0.00000000e+00   24.035556
 -6.900 -9.39591098e-07  8.82831431e-13  0.00000000e+00   23.805000
 -6.867 -1.14611951e-06  1.31358993e-12  0.00000000e+00   23.575556
 -6.833 -1.39625697e-06  1.94953353e-12  0.00000000e+00   23.347222
 -6.800 -1.69880837e-06  2.88594987e-12  0.00000000e+00   23.120000
 -6.767 -2.06426833e-06  4.26120375e-12  0.00000000e+00   22.893889
 -6.733 -2.50512701e-06  6.27566133e-12  0.00000000e+00   22.668889
 -6.700 -3.03622736e-06  9.21867661e-12  0.00000000e+00   22.445000
 -6.667 -3.67518205e-06  1.35069631e-11  0.00000000e+00   22.222222
 -6.633 -4.44285887e-06  1.97389949e-11  0.00000000e+00   22.000556
 -6.600 -5.36394506e-06  2.87719066e-11  0.00000000e+00   21.780000
 -6.567 -6.46760215e-06  4.18298776e-11  0.00000000e+00   21.560556
 -6.533 -7.78822444e-06  6.06564400e-11  0.00000000e+00   21.342222
 -6.500 -9.36631583e-06  8.77278722e-11  0.00000000e+00   21.125000
 -6.467 -1.12495017e-05  1.26551289e-10  0.00000000e+00   20.908889
 -6.433 -1.34936947e-05  1.82079795e-10  0.00000000e+00   20.693889
 -6.400 -1.61644340e-05  2.61288927e-10  0.00000000e+00   20.480000
 -6.367 -1.93384236e-05  3.73974627e-10  0.00000000e+00   20.267222
 -6.333 -2.31052921e-05  5.33854523e-10  0.00000000e+00   20.055556
 -6.300 -2.75696054e-05  7.60083144e-10  0.00000000e+00   19.845000
 -6.267 -3.28531617e-05  1.07933023e-09  0.00000000e+00   19.635556
 -6.233 -3.90976036e-05  1.52862261e-09  0.00000000e+00   19.427222
 -6.200 -4.64673865e-05  2.15921801e-09  0.00000000e+00   19.220000
 -6.167 -5.51531421e-05  3.04186908e-09  0.00000000e+00   19.013889
 -6.133 -6.53754835e-05  4.27395385e-09  0.00000000e+00   18.808889
 -6.100 -7.73893008e-05  5.98910387e-09  0.00000000e+00   18.605000
 -6.067 -9.14885971e-05  8.37016339e-09  0.00000000e+00   18.402222
 -6.033 -1.08011924e-04  1.16665758e-08  0.00000000e+00   18.200556
 -6.000 -1.27348476e-04  1.62176344e-08  0.00000000e+00   18.000000
 -5.967 -1.49944903e-04  2.24834741e-08  0.00000000e+00   17.800556
 -5.933 -1.76312918e-04  3.10862449e-08  0.00000000e+00   17.602222
 -5.900 -2.07037755e-04  4.28646322e-08  0.00000000e+00   17.405000
 -5.867 -2.42787576e-04  5.89458069e-08  0.00000000e+00   17.208889
 -5.833 -2.84323865e-04  8.08400600e-08  0.00000000e+00   17.013889
 -5.800 -3.32512930e-04  1.10564849e-07  0.00000000e+00   16.820000
 -5.767 -3.88338562e-04  1.50806838e-07  0.00000000e+00   16.627222
 -5.733 -4.52915931e-04  2.05132841e-07  0.00000000e+00   16.435556
 -5.700 -5.27506825e-04  2.78263451e-07  0.00000000e+00   16.245000
 -5.667 -6.13536266e-04  3.76426750e-07  0.00000000e+00   16.055556
 -5.633 -7.12610614e-04  5.07813887e-07  0.00000000e+00   15.867222
 -5.600 -8.26537196e-04  6.83163736e-07  0.00000000e+00   15.680000
 -5.567 -9.57345537e-04  9.16510477e-07  0.00000000e+00   15.493889
 -5.533 -1.10731023e-03  1.22613595e-06  0.00000000e+00   15.308889
 -5.500 -1.27897550e-03  1.63577833e-06  0.00000000e+00   15.125000
 -5.467 -1.47518142e-03  2.17616022e-06  0.00000000e+00   14.942222
 -5.433 -1.69909190e-03  2.88691327e-06  0.00000000e+00   14.760556
 -5.400 -1.95422427e-03  3.81899251e-06  0.00000000e+00   14.580000
 -5.367 -2.24448059e-03  5.03769312e-06  0.00000000e+00   14.400556
 -5.333 -2.57418039e-03  6.62640468e-06  0.00000000e+00   14.222222
 -5.300 -2.94809497e-03  8.69126393e-06  0.00000000e+00   14.045000
 -5.267 -3.37148288e-03  1.13668968e-05  0.00000000e+00   13.868889
 -5.233 -3.85012661e-03  1.48234749e-05  0.00000000e+00   13.693889
 -5.200 -4.39036997e-03  1.92753485e-05  0.00000000e+00   13.520000
 -5.167 -4.99915619e-03  2.49915626e-05  0.00000000e+00   13.347222
 -5.133 -5.68406606e-03  3.23086069e-05  0.00000000e+00   13.175556
 -5.100 -6.45335593e-03  4.16458027e-05  0.00000000e+00   13.005000
 -5.067 -7.31599498e-03  5.35237825e-05  0.00000000e+00   12.835556
 -5.033 -8.28170118e-03  6.85865744e-05  0.00000000e+00   12.667222
 -5.000 -9.36097537e-03  8.76278598e-05  0.00000000e+00   12.500000
 -4.967 -1.05651327e-02  1.11622028e-04  0.00000000e+00   12.333889
 -4.933 -1.19063305e-02  1.41760706e-04  0.00000000e+00   12.168889
 -4.900 -1.33975923e-02  1.79495480e-04  0.00000000e+00   12.005000
 -4.867 -1.50528259e-02  2.26587568e-04  0.00000000e+00   11.842222
 -4.833 -1.68868357e-02  2.85165221e-04  0.00000000e+00   11.680556
 -4.800 -1.89153272e-02  3.57789604e-04  0.00000000e+00   11.520000
 -4.767 -2.11549032e-02  4.47529929e-04  0.00000000e+00   11.360556
 -4.733 -2.36230495e-02  5.58048470e-04  0.00000000e+00   11.202222
 -4.700 -2.63381103e-02  6.93696057e-04  0.00000000e+00   11.045000
 -4.667 -2.93192499e-02  8.59618414e-04  0.00000000e+00   10.888889
 -4.633 -3.25864008e-02  1.06187352e-03  0.00000000e+00   10.733889
 -4.600 -3.61601965e-02  1.30755981e-03  0.00000000e+00   10.580000
 -4.567 -4.00618873e-02  1.60495481e-03  0.00000000e+00   10.427222
 -4.533 -4.43132368e-02  1.96366295e-03  0.00000000e+00   10.275556
 -4.500 -4.89364001e-02  2.39477125e-03  0.00000000e+00   10.125000
 -4.467 -5.39537796e-02  2.91101033e-03  0.00000000e+00    9.975556
 -4.433 -5.93878593e-02  3.52691783e-03  0.00000000e+00    9.827222
 -4.400 -6.52610152e-02  4.25900011e-03  0.00000000e+00    9.680000
 -4.367 -7.15953017e-02  5.12588722e-03  0.00000000e+00    9.533889
 -4.333 -7.84122124e-02  6.14847506e-03  0.00000000e+00    9.388889
 -4.300 -8.57324166e-02  7.35004726e-03  0.00000000e+00    9.245000
 -4.267 -9.35754684e-02  8.75636829e-03  0.00000000e+00    9.102222
 -4.233 -1.01959492e-01  1.03957380e-02  0.00000000e+00    8.960556
 -4.200 -1.10900841e-01  1.22989966e-02  0.00000000e+00    8.820000
 -4.167 -1.20413734e-01  1.44994674e-02  0.00000000e+00    8.680556
 -4.133 -1.30509869e-01  1.70328258e-02  0.00000000e+00    8.542222
 -4.100 -1.41198011e-01  1.99368782e-02  0.00000000e+00    8.405000
 -4.067 -1.52483573e-01  2.32512401e-02  0.00000000e+00    8.268889
 -4.033 -1.64368172e-01  2.70168960e-02  0.00000000e+00    8.133889
 -4.000 -1.76849175e-01  3.12756307e-02  0.00000000e+00    8.000000
 -3.967 -1.89919242e-01  3.60693187e-02  0.00000000e+00    7.867222
 -3.933 -2.03565865e-01  4.14390613e-02  0.00000000e+00    7.735556
 -3.900 -2.17770904e-01  4.74241668e-02  0.00000000e+00    7.605000
 -3.867 -2.32510147e-01  5.40609687e-02  0.00000000e+00    7.475556
 -3.833 -2.47752870e-01  6.13814846e-02  0.00000000e+00    7.347222
 -3.800 -2.63461429e-01  6.94119248e-02  0.00000000e+00    7.220000
 -3.767 -2.79590888e-01  7.81710644e-02  0.00000000e+00    7.093889
 -3.733 -2.96088673e-01  8.76685021e-02  0.00000000e+00    6.968889
 -3.700 -3.12894291e-01  9.79028376e-02  0.00000000e+00    6.845000
 -3.667 -3.29939099e-01  1.08859809e-01  0.00000000e+00    6.722222
 -3.633 -3.47146134e-01  1.20510438e-01  0.00000000e+00    6.600556
 -3.600 -3.64430737e-01  1.32809762e-01  1.53904937e+00    6.480000
 -3.567 -3.81698446e-01  1.45693704e-01  5.82931980e-01    6.360556
 -3.533 -3.98847195e-01  1.59079085e-01  4.28745592e-01    6.242222
 -3.500 -4.15766814e-01  1.72862044e-01  3.55474305e-01    6.125000
 -3.467 -4.32339341e-01  1.86917306e-01  3.10623793e-01    6.008889
 -3.433 -4.48439459e-01  2.01097948e-01  2.79607576e-01    5.893889
 -3.400 -4.63935052e-01  2.15235733e-01  2.56542380e-01    5.780000
 -3.367 -4.78687904e-01  2.29142109e-01  2.38539897e-01    5.667222
 -3.333 -4.92554521e-01  2.42609956e-01  2.23994602e-01    5.555556
 -3.300 -5.05387109e-01  2.55416130e-01  2.11933526e-01    5.445000
 -3.267 -5.17034676e-01  2.67324856e-01  2.01728199e-01    5.335556
 -3.233 -5.27344281e-01  2.78091991e-01  1.92952226e-01    5.227222
 -3.200 -5.36162420e-01  2.87470141e-01  1.85304777e-01    5.120000
 -3.167 -5.43336536e-01  2.95214591e-01  1.78566744e-01    5.013889
 -3.133 -5.48716652e-01  3.01089964e-01  1.72574259e-01    4.908889
 -3.100 -5.52157122e-01  3.04877487e-01  1.67202000e-01    4.805000
 -3.067 -5.53518468e-01  3.06382694e-01  1.62352266e-01    4.702222
 -3.033 -5.52669306e-01  3.05443362e-01  1.57947624e-01    4.600556
 -3.000 -5.49488336e-01  3.01937431e-01  1.53925803e-01    4.500000
 -2.967 -5.43866369e-01  2.95790627e-01  1.50236086e-01    4.400556
 -2.933 -5.35708374e-01  2.86983462e-01  1.46836691e-01    4.302222
 -2.900 -5.24935516e-01  2.75557296e-01  1.43692849e-01    4.205000
 -2.867 -5.11487159e-01  2.61619114e-01  1.40775359e-01    4.108889
 -2.833 -4.95322799e-01  2.45344676e-01  1.38059493e-01    4.013889
 -2.800 -4.76423902e-01  2.26979734e-01  1.35524154e-01    3.920000
 -2.767 -4.54795604e-01  2.06839041e-01  1.33151220e-01    3.827222
 -2.733 -4.30468253e-01  1.85302917e-01  1.30925022e-01    3.735556
 -2.700 -4.03498746e-01  1.62811238e-01  1.28831940e-01    3.645000
 -2.667 -3.73971636e-01  1.39854785e-01  1.26860066e-01    3.555556
 -2.633 -3.41999969e-01  1.16963979e-01  1.24998941e-01    3.467222
 -2.600 -3.07725826e-01  9.46951840e-02  1.23239334e-01    3.380000
 -2.567 -2.71320543e-01  7.36148369e-02  1.21573065e-01    3.293889
 -2.533 -2.32984567e-01  5.42818085e-02  1.19992855e-01    3.208889
 -2.500 -1.92946948e-01  3.72285246e-02  1.18492204e-01    3.125000
 -2.467 -1.51464424e-01  2.29414719e-02  1.17065288e-01    3.042222
 -2.433 -1.08820110e-01  1.18418164e-02  1.15706867e-01    2.960556
 -2.400 -6.53217535e-02  4.26693148e-03  1.14412218e-01    2.880000
 -2.367 -2.12995798e-02  4.53672102e-04  1.13177069e-01    2.800556
 -2.333  2.28962855e-02  5.24239889e-04  1.11997545e-01    2.722222
 -2.300  6.68988044e-02  4.47545003e-03  1.10870121e-01    2.645000
 -2.267  1.10327405e-01  1.21721363e-02  1.09791586e-01    2.568889
 -2.233  1.52791728e-01  2.33453123e-02  1.08759006e-01    2.493889
 -2.200  1.93895715e-01  3.75955482e-02  1.07769693e-01    2.420000
 -2.167  2.33241986e-01  5.44018242e-02  1.06821184e-01    2.347222
 -2.133  2.70436485e-01  7.31358922e-02  1.05911212e-01    2.275556
 -2.100  3.05093310e-01  9.30819277e-02  1.05037689e-01    2.205000
 -2.067  3.36839702e-01  1.13460985e-01  1.04198691e-01    2.135556
 -2.033  3.65321100e-01  1.33459506e-01  1.03392437e-01    2.067222
 -2.000  3.90206212e-01  1.52260888e-01  1.02617280e-01    2.000000
 -1.967  4.11192021e-01  1.69078878e-01  1.01871693e-01    1.933889
 -1.933  4.28008645e-01  1.83191400e-01  1.01154257e-01    1.868889
 -1.900  4.40423987e-01  1.93973288e-01  1.00463654e-01    1.805000
 -1.867  4.48248078e-01  2.00926340e-01  9.97986562e-02    1.742222
 -1.833  4.51337047e-01  2.03705130e-01  9.91581200e-02    1.680556
 -1.800  4.49596634e-01  2.02137133e-01  9.85409774e-02    1.620000
 -1.767  4.42985176e-01  1.96235866e-01  9.79462305e-02    1.560556
 -1.733  4.31515998e-01  1.86206056e-01  9.73729464e-02    1.502222
 -1.700  4.15259139e-01  1.72440153e-01  9.68202512e-02    1.445000
 -1.667  3.94342368e-01  1.55505904e-01  9.62873261e-02    1.388889
 -1.633  3.68951435e-01  1.36125161e-01  9.57734029e-02    1.333889
 -1.600  3.39329521e-01  1.15144524e-01  9.52777606e-02    1.280000
 -1.567  3.05775874e-01  9.34988851e-02  9.47997213e-02    1.227222
 -1.533  2.68643601e-01  7.21693846e-02  9.43386478e-02    1.175556
 -1.500  2.28336626e-01  5.21376148e-02  9.38939403e-02    1.125000
 -1.467  1.85305823e-01  3.43382482e-02  9.34650340e-02    1.075556
 -1.433  1.40044361e-01  1.96124230e-02  9.30513966e-02    1.027222
 -1.400  9.30822829e-02  8.66431139e-03  9.26525264e-02    0.980000
 -1.367  4.49804003e-02  2.02323641e-03  9.22679498e-02    0.933889
 -1.333 -3.67645393e-03  1.35163135e-05  9.18972201e-02    0.888889
 -1.300 -5.22867146e-02  2.73390052e-03  9.15399151e-02    0.845000
 -1.267 -1.00239829e-01  1.00480233e-02  9.11956363e-02    0.802222
 -1.233 -1.46924351e-01  2.15867650e-02  9.08640070e-02    0.760556
 -1.200 -1.91736276e-01  3.67627994e-02  9.05446710e-02    0.720000
 -1.167 -2.34087479e-01  5.47969479e-02  9.02372918e-02    0.680556
 -1.133 -2.73414156e-01  7.47553009e-02  8.99415507e-02    0.642222
 -1.100 -3.09185108e-01  9.55954312e-02  8.96571467e-02    0.605000
 -1.067 -3.40909754e-01  1.16219460e-01  8.93837950e-02    0.568889
 -1.033 -3.68145732e-01  1.35531280e-01  8.91212260e-02    0.533889
 -1.000 -3.90505966e-01  1.52494909e-01  8.88691849e-02    0.500000
 -0.967 -4.07665064e-01  1.66190805e-01  8.86274306e-02    0.467222
 -0.933 -4.19364939e-01  1.75866952e-01  8.83957354e-02    0.435556
 -0.900 -4.25419543e-01  1.80981787e-01  8.81738837e-02    0.405000
 -0.867 -4.25718617e-01  1.81236341e-01  8.79616721e-02    0.375556
 -0.833 -4.20230388e-01  1.76593579e-01  8.77589083e-02    0.347222
 -0.800 -4.09003121e-01  1.67283553e-01  8.75654110e-02    0.320000
 -0.767 -3.92165516e-01  1.53793792e-01  8.73810090e-02    0.293889
 -0.733 -3.69925885e-01  1.36845161e-01  8.72055412e-02    0.268889
 -0.700 -3.42570122e-01  1.17354288e-01  8.70388558e-02    0.245000
 -0.667 -3.10458465e-01  9.63844584e-02  8.68808101e-02    0.222222
 -0.633 -2.74021092e-01  7.50875586e-02  8.67312701e-02    0.200556
 -0.600 -2.33752583e-01  5.46402701e-02  8.65901103e-02    0.180000
 -0.567 -1.90205342e-01  3.61780722e-02  8.64572132e-02    0.160556
 -0.533 -1.43982046e-01  2.07308296e-02  8.63324690e-02    0.142222
 -0.500 -9.57272456e-02  9.16370554e-03  8.62157755e-02    0.125000
 -0.467 -4.61182281e-02  2.12689097e-03  8.61070380e-02    0.108889
 -0.433  4.14471148e-03  1.71786332e-05  8.60061686e-02    0.093889
 -0.400  5.43484501e-02  2.95375403e-03  8.59130863e-02    0.080000
 -0.367  1.03777503e-01  1.07697701e-02  8.58277171e-02    0.067222
 -0.333  1.51724615e-01  2.30203588e-02  8.57499931e-02    0.055556
 -0.300  1.97501307e-01  3.90067663e-02  8.56798530e-02    0.045000
 -0.267  2.40448209e-01  5.78153412e-02  8.56172418e-02    0.035556
 -0.233  2.79945009e-01  7.83692081e-02  8.55621104e-02    0.027222
 -0.200  3.15419861e-01  9.94896886e-02  8.55144159e-02    0.020000
 -0.167  3.46358089e-01  1.19963926e-01  8.54741213e-02    0.013889
 -0.133  3.72310054e-01  1.38614777e-01  8.54411953e-02    0.008889
 -0.100  3.92898043e-01  1.54368872e-01  8.54156125e-02    0.005000
 -0.067  4.07822070e-01  1.66318840e-01  8.53973531e-02    0.002222
 -0.033  4.16864492e-01  1.73776005e-01  8.53864031e-02    0.000556
  0.000  4.19893369e-01  1.76310442e-01  8.53827540e-02    0.000000
  0.033  4.16864492e-01  1.73776005e-01  8.53864031e-02    0.000556
  0.067  4.07822070e-01  1.66318840e-01  8.53973531e-02    0.002222
  0.100  3.92898043e-01  1.54368872e-01  8.54156125e-02    0.005000
  0.133  3.72310054e-01  1.38614777e-01  8.54411953e-02    0.008889
  0.167  3.46358089e-01  1.19963926e-01  8.54741213e-02    0.013889
  0.200  3.15419861e-01  9.94896886e-02  8.55144159e-02    0.020000
  0.233  2.79945009e-01  7.83692081e-02  8.55621104e-02    0.027222
  0.267  2.40448209e-01  5.78153412e-02  8.56172418e-02    0.035556
  0.300  1.97501307e-01  3.90067663e-02  8.56798530e-02    0.045000
  0.333  1.51724615e-01  2.30203588e-02  8.57499931e-02    0.055556
  0.367  1.03777503e-01  1.07697701e-02  8.58277171e-02    0.067222
  0.400  5.43484501e-02  2.95375403e-03  8.59130863e-02    0.080000
  0.433  4.14471148e-03  1.71786332e-05  8.60061686e-02    0.093889
  0.467 -4.61182281e-02  2.12689097e-03  8.61070380e-02    0.108889
  0.500 -9.57272456e-02  9.16370554e-03  8.62157755e-02    0.125000
  0.533 -1.43982046e-01  2.07308296e-02  8.63324690e-02    0.142222
  0.567 -1.90205342e-01  3.61780722e-02  8.64572132e-02    0.160556
  0.600 -2.33752583e-01  5.46402701e-02  8.65901103e-02    0.180000
  0.633 -2.74021092e-01  7.50875586e-02  8.67312701e-02    0.200556
  0.667 -3.10458465e-01  9.63844584e-02  8.68808101e-02    0.222222
  0.700 -3.42570122e-01  1.17354288e-01  8.70388558e-02    0.245000
  0.733 -3.69925885e-01  1.36845161e-01  8.72055412e-02    0.268889
  0.767 -3.92165516e-01  1.53793792e-01  8.73810090e-02    0.293889
  0.800 -4.09003121e-01  1.67283553e-01  8.75654110e-02    0.320000
  0.833 -4.20230388e-01  1.76593579e-01  8.77589083e-02    0.347222
  0.867 -4.25718617e-01  1.81236341e-01  8.79616721e-02    0.375556
  0.900 -4.25419543e-01  1.80981787e-01  8.81738837e-02    0.405000
  0.933 -4.19364939e-01  1.75866952e-01  8.83957354e-02    0.435556
  0.967 -4.07665064e-01  1.66190805e-01  8.86274306e-02    0.467222
  1.000 -3.90505966e-01  1.52494909e-01  8.88691849e-02    0.500000
  1.033 -3.68145732e-01  1.35531280e-01  8.91212260e-02    0.533889
  1.067 -3.40909754e-01  1.16219460e-01  8.93837950e-02    0.568889
  1.100 -3.09185108e-01  9.55954312e-02  8.96571467e-02    0.605000
  1.133 -2.73414156e-01  7.47553009e-02  8.99415507e-02    0.642222
  1.167 -2.34087479e-01  5.47969479e-02  9.02372918e-02    0.680556
  1.200 -1.91736276e-01  3.67627994e-02  9.05446710e-02    0.720000
  1.233 -1.46924351e-01  2.15867650e-02  9.08640070e-02    0.760556
  1.267 -1.00239829e-01  1.00480233e-02  9.11956363e-02    0.802222
  1.300 -5.22867146e-02  2.73390052e-03  9.15399151e-02    0.845000
  1.333 -3.67645393e-03  1.35163135e-05  9.18972201e-02    0.888889
  1.367  4.49804003e-02  2.02323641e-03  9.22679498e-02    0.933889
  1.400  9.30822829e-02  8.66431139e-03  9.26525264e-02    0.980000
  1.433  1.40044361e-01  1.96124230e-02  9.30513966e-02    1.027222
  1.467  1.85305823e-01  3.43382482e-02  9.34650340e-02    1.075556
  1.500  2.28336626e-01  5.21376148e-02  9.38939403e-02    1.125000
  1.533  2.68643601e-01  7.21693846e-02  9.43386478e-02    1.175556
  1.567  3.05775874e-01  9.34988851e-02  9.47997213e-02    1.227222
  1.600  3.39329521e-01  1.15144524e-01  9.52777606e-02    1.280000
  1.633  3.68951435e-01  1.36125161e-01  9.57734029e-02    1.333889
  1.667  3.94342368e-01  1.55505904e-01  9.62873261e-02    1.388889
  1.700  4.15259139e-01  1.72440153e-01  9.68202512e-02    1.445000
  1.733  4.31515998e-01  1.86206056e-01  9.73729464e-02    1.502222
  1.767  4.42985176e-01  1.96235866e-01  9.79462305e-02    1.560556
  1.800  4.49596634e-01  2.02137133e-01  9.85409774e-02    1.620000
  1.833  4.51337047e-01  2.03705130e-01  9.91581200e-02    1.680556
  1.867  4.48248078e-01  2.00926340e-01  9.97986562e-02    1.742222
  1.900  4.40423987e-01  1.93973288e-01  1.00463654e-01    1.805000
  1.933  4.28008645e-01  1.83191400e-01  1.01154257e-01    1.868889
  1.967  4.11192021e-01  1.69078878e-01  1.01871693e-01    1.933889
  2.000  3.90206212e-01  1.52260888e-01  1.02617280e-01    2.000000
  2.033  3.65321100e-01  1.33459506e-01  1.03392437e-01    2.067222
  2.067  3.36839702e-01  1.13460985e-01  1.04198691e-01    2.135556
  2.100  3.05093310e-01  9.30819277e-02  1.05037689e-01    2.205000
  2.133  2.70436485e-01  7.31358922e-02  1.05911212e-01    2.275556
  2.167  2.33241986e-01  5.44018242e-02  1.06821184e-01    2.347222
  2.200  1.93895715e-01  3.75955482e-02  1.07769693e-01    2.420000
  2.233  1.52791728e-01  2.33453123e-02  1.08759006e-01    2.493889
  2.267  1.10327405e-01  1.21721363e-02  1.09791586e-01    2.568889
  2.300  6.68988044e-02  4.47545003e-03  1.10870121e-01    2.645000
  2.333  2.28962855e-02  5.24239889e-04  1.11997545e-01    2.722222
  2.367 -2.12995798e-02  4.53672102e-04  1.13177069e-01    2.800556
  2.400 -6.53217535e-02  4.26693148e-03  1.14412218e-01    2.880000
  2.433 -1.08820110e-01  1.18418164e-02  1.15706867e-01    2.960556
  2.467 -1.51464424e-01  2.29414719e-02  1.17065288e-01    3.042222
  2.500 -1.92946948e-01  3.72285246e-02  1.18492204e-01    3.125000
  2.533 -2.32984567e-01  5.42818085e-02  1.19992855e-01    3.208889
  2.567 -2.71320543e-01  7.36148369e-02  1.21573065e-01    3.293889
  2.600 -3.07725826e-01  9.46951840e-02  1.23239334e-01    3.380000
  2.633 -3.41999969e-01  1.16963979e-01  1.24998941e-01    3.467222
  2.667 -3.73971636e-01  1.39854785e-01  1.26860066e-01    3.555556
  2.700 -4.03498746e-01  1.62811238e-01  1.28831940e-01    3.645000
  2.733 -4.30468253e-01  1.85302917e-01  1.30925022e-01    3.735556
  2.767 -4.54795604e-01  2.06839041e-01  1.33151220e-01    3.827222
  2.800 -4.76423902e-01  2.26979734e-01  1.35524154e-01    3.920000
  2.833 -4.95322799e-01  2.45344676e-01  1.38059493e-01    4.013889
  2.867 -5.11487159e-01  2.61619114e-01  1.40775359e-01    4.108889
  2.900 -5.24935516e-01  2.75557296e-01  1.43692849e-01    4.205000
  2.933 -5.35708374e-01  2.86983462e-01  1.46836691e-01    4.302222
  2.967 -5.43866369e-01  2.95790627e-01  1.50236086e-01    4.400556
  3.000 -5.49488336e-01  3.01937431e-01  1.53925803e-01    4.500000
  3.033 -5.52669306e-01  3.05443362e-01  1.57947624e-01    4.600556
  3.067 -5.53518468e-01  3.06382694e-01  1.62352266e-01    4.702222
  3.100 -5.52157122e-01  3.04877487e-01  1.67202000e-01    4.805000
  3.133 -5.48716652e-01  3.01089964e-01  1.72574259e-01    4.908889
  3.167 -5.43336536e-01  2.95214591e-01  1.78566744e-01    5.013889
  3.200 -5.36162420e-01  2.87470141e-01  1.85304777e-01    5.120000
  3.233 -5.27344281e-01  2.78091991e-01  1.92952226e-01    5.227222
  3.267 -5.17034676e-01  2.67324856e-01  2.01728199e-01    5.335556
  3.300 -5.05387109e-01  2.55416130e-01  2.11933526e-01    5.445000
  3.333 -4.92554521e-01  2.42609956e-01  2.23994602e-01    5.555556
  3.367 -4.78687904e-01  2.29142109e-01  2.38539897e-01    5.667222
  3.400 -4.63935052e-01  2.15235733e-01  2.56542380e-01    5.780000
  3.433 -4.48439459e-01  2.01097948e-01  2.79607576e-01    5.893889
  3.467 -4.32339341e-01  1.86917306e-01  3.10623793e-01    6.008889
  3.500 -4.15766814e-01  1.72862044e-01  3.55474305e-01    6.125000
  3.533 -3.98847195e-01  1.59079085e-01  4.28745592e-01    6.242222
  3.567 -3.81698446e-01  1.45693704e-01  5.82931980e-01    6.360556
  3.600 -3.64430737e-01  1.32809762e-01  1.53904937e+00    6.480000
  3.633 -3.47146134e-01  1.20510438e-01  0.00000000e+00    6.600556
  3.667 -3.29939099e-01  1.08859809e-01  0.00000000e+00    6.722222
  3.700 -3.12894291e-01  9.79028376e-02  0.00000000e+00    6.845000
  3.733 -2.96088673e-01  8.76685021e-02  0.00000000e+00    6.968889
  3.767 -2.79590888e-01  7.81710644e-02  0.00000000e+00    7.093889
  3.800 -2.63461429e-01  6.94119248e-02  0.00000000e+00    7.220000
  3.833 -2.47752870e-01  6.13814846e-02  0.00000000e+00    7.347222
  3.867 -2.32510147e-01  5.40609687e-02  0.00000000e+00    7.475556
  3.900 -2.17770904e-01  4.74241668e-02  0.00000000e+00    7.605000
  3.933 -2.03565865e-01  4.14390613e-02  0.00000000e+00    7.735556
  3.967 -1.89919242e-01  3.60693187e-02  0.00000000e+00    7.867222
  4.000 -1.76849175e-01  3.12756307e-02  0.00000000e+00    8.000000
  4.033 -1.64368172e-01  2.70168960e-02  0.00000000e+00    8.133889
  4.067 -1.52483573e-01  2.32512401e-02  0.00000000e+00    8.268889
  4.100 -1.41198011e-01  1.99368782e-02  0.00000000e+00    8.405000
  4.133 -1.30509869e-01  1.70328258e-02  0.00000000e+00    8.542222
  4.167 -1.20413734e-01  1.44994674e-02  0.00000000e+00    8.680556
  4.200 -1.10900841e-01  1.22989966e-02  0.00000000e+00    8.820000
  4.233 -1.01959492e-01  1.03957380e-02  0.00000000e+00    8.960556
  4.267 -9.35754684e-02  8.75636829e-03  0.00000000e+00    9.102222
  4.300 -8.57324166e-02  7.35004726e-03  0.00000000e+00    9.245000
  4.333 -7.84122124e-02  6.14847506e-03  0.00000000e+00    9.388889
  4.367 -7.15953017e-02  5.12588722e-03  0.00000000e+00    9.533889
  4.400 -6.52610152e-02  4.25900011e-03  0.00000000e+00    9.680000
  4.433 -5.93878593e-02  3.52691783e-03  0.00000000e+00    9.827222
  4.467 -5.39537796e-02  2.91101033e-03  0.00000000e+00    9.975556
  4.500 -4.89364001e-02  2.39477125e-03  0.00000000e+00   10.125000
  4.533 -4.43132368e-02  1.96366295e-03  0.00000000e+00   10.275556
  4.567 -4.00618873e-02  1.60495481e-03  0.00000000e+00   10.427222
  4.600 -3.61601965e-02  1.30755981e-03  0.00000000e+00   10.580000
  4.633 -3.25864008e-02  1.06187352e-03  0.00000000e+00   10.733889
  4.667 -2.93192499e-02  8.59618414e-04  0.00000000e+00   10.888889
  4.700 -2.63381103e-02  6.93696057e-04  0.00000000e+00   11.045000
  4.733 -2.36230495e-02  5.58048470e-04  0.00000000e+00   11.202222
  4.767 -2.11549032e-02  4.47529929e-04  0.00000000e+00   11.360556
  4.800 -1.89153272e-02  3.57789604e-04  0.00000000e+00   11.520000
  4.833 -1.68868357e-02  2.85165221e-04  0.00000000e+00   11.680556
  4.867 -1.50528259e-02  2.26587568e-04  0.00000000e+00   11.842222
  4.900 -1.33975923e-02  1.79495480e-04  0.00000000e+00   12.005000
  4.933 -1.19063305e-02  1.41760706e-04  0.00000000e+00   12.168889
  4.967 -1.05651327e-02  1.11622028e-04  0.00000000e+00   12.333889
  5.000 -9.36097537e-03  8.76278598e-05  0.00000000e+00   12.500000
  5.033 -8.28170118e-03  6.85865744e-05  0.00000000e+00   12.667222
  5.067 -7.31599498e-03  5.35237825e-05  0.00000000e+00   12.835556
  5.100 -6.45335593e-03  4.16458027e-05  0.00000000e+00   13.005000
  5.133 -5.68406606e-03  3.23086069e-05  0.00000000e+00   13.175556
  5.167 -4.99915619e-03  2.49915626e-05  0.00000000e+00   13.347222
  5.200 -4.39036997e-03  1.92753485e-05  0.00000000e+00   13.520000
  5.233 -3.85012661e-03  1.48234749e-05  0.00000000e+00   13.693889
  5.267 -3.37148288e-03  1.13668968e-05  0.00000000e+00   13.868889
  5.300 -2.94809497e-03  8.69126393e-06  0.00000000e+00   14.045000
  5.333 -2.57418039e-03  6.62640468e-06  0.00000000e+00   14.222222
  5.367 -2.24448059e-03  5.03769312e-06  0.00000000e+00   14.400556
  5.400 -1.95422427e-03  3.81899251e-06  0.00000000e+00   14.580000
  5.433 -1.69909190e-03  2.88691327e-06  0.00000000e+00   14.760556
  5.467 -1.47518142e-03  2.17616022e-06  0.00000000e+00   14.942222
  5.500 -1.27897550e-03  1.63577833e-06  0.00000000e+00   15.125000
  5.533 -1.10731023e-03  1.22613595e-06  0.00000000e+00   15.308889
  5.567 -9.57345537e-04  9.16510477e-07  0.00000000e+00   15.493889
  5.600 -8.26537196e-04  6.83163736e-07  0.00000000e+00   15.680000
  5.633 -7.12610614e-04  5.07813887e-07  0.00000000e+00   15.867222
  5.667 -6.13536266e-04  3.76426750e-07  0.00000000e+00   16.055556
  5.700 -5.27506825e-04  2.78263451e-07  0.00000000e+00   16.245000
  5.733 -4.52915931e-04  2.05132841e-07  0.00000000e+00   16.435556
  5.767 -3.88338562e-04  1.50806838e-07  0.00000000e+00   16.627222
  5.800 -3.32512930e-04  1.10564849e-07  0.00000000e+00   16.820000
  5.833 -2.84323865e-04  8.08400600e-08  0.00000000e+00   17.013889
  5.867 -2.42787576e-04  5.89458069e-08  0.00000000e+00   17.208889
  5.900 -2.07037755e-04  4.28646322e-08  0.00000000e+00   17.405000
  5.933 -1.76312918e-04  3.10862449e-08  0.00000000e+00   17.602222
  5.967 -1.49944903e-04  2.24834741e-08  0.00000000e+00   17.800556
  6.000 -1.27348476e-04  1.62176344e-08  0.00000000e+00   18.000000
  6.033 -1.08011924e-04  1.16665758e-08  0.00000000e+00   18.200556
  6.067 -9.14885971e-05  8.37016339e-09  0.00000000e+00   18.402222
  6.100 -7.73893008e-05  5.98910387e-09  0.00000000e+00   18.605000
  6.133 -6.53754835e-05  4.27395385e-09  0.00000000e+00   18.808889
  6.167 -5.51531421e-05  3.04186908e-09  0.00000000e+00   19.013889
  6.200 -4.64673865e-05  2.15921801e-09  0.00000000e+00   19.220000
  6.233 -3.90976036e-05  1.52862261e-09  0.00000000e+00   19.427222
  6.267 -3.28531617e-05  1.07933023e-09  0.00000000e+00   19.635556
  6.300 -2.75696054e-05  7.60083144e-10  0.00000000e+00   19.845000
  6.333 -2.31052921e-05  5.33854523e-10  0.00000000e+00   20.055556
  6.367 -1.93384236e-05  3.73974627e-10  0.00000000e+00   20.267222
  6.400 -1.61644340e-05  2.61288927e-10  0.00000000e+00   20.480000
  6.433 -1.34936947e-05  1.82079795e-10  0.00000000e+00   20.693889
  6.467 -1.12495017e-05  1.26551289e-10  0.00000000e+00   20.908889
  6.500 -9.36631583e-06  8.77278722e-11  0.00000000e+00   21.125000
  6.533 -7.78822444e-06  6.06564400e-11  0.00000000e+00   21.342222
  6.567 -6.46760215e-06  4.18298776e-11  0.00000000e+00   21.560556
  6.600 -5.36394506e-06  2.87719066e-11  0.00000000e+00   21.780000
  6.633 -4.44285887e-06  1.97389949e-11  0.00000000e+00   22.000556
  6.667 -3.67518205e-06  1.35069631e-11  0.00000000e+00   22.222222
  6.700 -3.03622736e-06  9.21867661e-12  0.00000000e+00   22.445000
  6.733 -2.50512701e-06  6.27566133e-12  0.00000000e+00   22.668889
  6.767 -2.06426833e-06  4.26120375e-12  0.00000000e+00   22.893889
  6.800 -1.69880837e-06  2.88594987e-12  0.00000000e+00   23.120000
  6.833 -1.39625697e-06  1.94953353e-12  0.00000000e+00   23.347222
  6.867 -1.14611951e-06  1.31358993e-12  0.00000000e+00   23.575556
  6.900 -9.39591098e-07  8.82831431e-13  0.00000000e+00   23.805000
  6.933 -7.69295433e-07  5.91815463e-13  0.00000000e+00   24.035556
  6.967 -6.29062080e-07  3.95719100e-13  0.00000000e+00   24.267222
  7.000 -5.13736894e-07  2.63925596e-13  0.00000000e+00   24.500000
  7.033 -4.19020907e-07  1.75578521e-13  0.00000000e+00   24.733889
  7.067 -3.41333642e-07  1.16508655e-13  0.00000000e+00   24.968889
  7.100 -2.77697343e-07  7.71158143e-14  0.00000000e+00   25.205000
  7.133 -2.25639086e-07  5.09129972e-14  0.00000000e+00   25.442222
  7.167 -1.83108142e-07  3.35285916e-14  0.00000000e+00   25.680556
  7.200 -1.48406328e-07  2.20244381e-14  0.00000000e+00   25.920000
  7.233 -1.20129407e-07  1.44310745e-14  0.00000000e+00   26.160556
  7.267 -9.71178597e-08  9.43187867e-15  0.00000000e+00   26.402222
  7.300 -7.84155896e-08  6.14900470e-15  0.00000000e+00   26.645000
  7.333 -6.32353520e-08  3.99870974e-15  0.00000000e+00   26.888889
  7.367 -5.09298448e-08  2.59384909e-15  0.00000000e+00   27.133889
  7.400 -4.09675794e-08  1.67834256e-15  0.00000000e+00   27.380000
  7.433 -3.29127703e-08  1.08325045e-15  0.00000000e+00   27.627222
  7.467 -2.64086007e-08  6.97414193e-16  0.00000000e+00   27.875556
  7.500 -2.11633192e-08  4.47886082e-16  0.00000000e+00   28.125000
  7.533 -1.69387060e-08  2.86919761e-16  0.00000000e+00   28.375556
  7.567 -1.35405198e-08  1.83345676e-16  0.00000000e+00   28.627222
  7.600 -1.08105974e-08  1.16869016e-16  0.00000000e+00   28.880000
  7.633 -8.62032992e-09  7.43100879e-17  0.00000000e+00   29.133889
  7.667 -6.86528380e-09  4.71321217e-17  0.00000000e+00   29.388889
  7.700 -5.46077248e-09  2.98200360e-17  0.00000000e+00   29.645000
  7.733 -4.33821635e-09  1.88201211e-17  0.00000000e+00   29.902222
  7.767 -3.44215496e-09  1.18484308e-17  0.00000000e+00   30.160556
  7.800 -2.72779832e-09  7.44088365e-18  0.00000000e+00   30.420000
  7.833 -2.15902294e-09  4.66138005e-18  0.00000000e+00   30.680556
  7.867 -1.70673440e-09  2.91294231e-18  0.00000000e+00   30.942222
  7.900 -1.34753120e-09  1.81584033e-18  0.00000000e+00   31.205000
  7.933 -1.06261619e-09  1.12915316e-18  0.00000000e+00   31.468889
  7.967 -8.36910927e-10  7.00419900e-19  0.00000000e+00   31.733889
  8.000 -6.58336230e-10  4.33406592e-19  0.00000000e+00   32.000000
  8.033 -5.17228524e-10  2.67525346e-19  0.00000000e+00   32.267222
  8.067 -4.05867104e-10  1.64728106e-19  0.00000000e+00   32.535556
  8.100 -3.18091734e-10  1.01182351e-19  0.00000000e+00   32.805000
  8.133 -2.48993796e-10  6.19979105e-20  0.00000000e+00   33.075556
  8.167 -1.94667181e-10  3.78953115e-20  0.00000000e+00   33.347222
  8.200 -1.52007662e-10  2.31063293e-20  0.00000000e+00   33.620000
  8.233 -1.18551537e-10  1.40544668e-20  0.00000000e+00   33.893889
  8.267 -9.23460461e-11  8.52779223e-21  0.00000000e+00   34.168889
  8.300 -7.18454497e-11  5.16176864e-21  0.00000000e+00   34.445000
  8.333 -5.58277983e-11  3.11674306e-21  0.00000000e+00   34.722222
  8.367 -4.33283775e-11  1.87734830e-21  0.00000000e+00   35.000556
  8.400 -3.35865551e-11  1.12805669e-21  0.00000000e+00   35.280000
  8.433 -2.60033928e-11  6.76176435e-22  0.00000000e+00   35.560556
  8.467 -2.01078896e-11  4.04327226e-22  0.00000000e+00   35.842222
  8.500 -1.55301372e-11  2.41185162e-22  0.00000000e+00   36.125000
  8.533 -1.19799997e-11  1.43520393e-22  0.00000000e+00   36.408889
  8.567 -9.23020671e-12  8.51967160e-23  0.00000000e+00   36.693889
  8.600 -7.10296269e-12  5.04520790e-23  0.00000000e+00   36.980000
  8.633 -5.45935713e-12  2.98045802e-23  0.00000000e+00   37.267222
  8.667 -4.19100051e-12  1.75644853e-23  0.00000000e+00   37.555556
  8.700 -3.21342766e-12  1.03261174e-23  0.00000000e+00   37.845000
  8.733 -2.46090195e-12  6.05603843e-24  0.00000000e+00   38.135556
  8.767 -1.88232851e-12  3.54316063e-24  0.00000000e+00   38.427222
  8.800 -1.43804412e-12  2.06797090e-24  0.00000000e+00   38.720000
  8.833 -1.09729912e-12  1.20406536e-24  0.00000000e+00   39.013889
  8.867 -8.36284841e-13  6.99372335e-25  0.00000000e+00   39.308889
  8.900 -6.36590469e-13  4.05247425e-25  0.00000000e+00   39.605000
  8.933 -4.83997467e-13  2.34253548e-25  0.00000000e+00   39.902222
  8.967 -3.67538997e-13  1.35084914e-25  0.00000000e+00   40.200556
  9.000 -2.78767070e-13  7.77110794e-26  0.00000000e+00   40.500000
  9.033 -2.11182314e-13  4.45979699e-26  0.00000000e+00   40.800556
  9.067 -1.59790872e-13  2.55331227e-26  0.00000000e+00   41.102222
  9.100 -1.20760541e-13  1.45831082e-26  0.00000000e+00   41.405000
  9.133 -9.11542868e-14  8.30910401e-27  0.00000000e+00   41.708889
  9.167 -6.87239977e-14  4.72298785e-27  0.00000000e+00   42.013889
  9.200 -5.17510648e-14  2.67817270e-27  0.00000000e+00   42.320000
  9.233 -3.89233312e-14  1.51502571e-27  0.00000000e+00   42.627222
  9.267 -2.92402314e-14  8.54991135e-28  0.00000000e+00   42.935556
  9.300 -2.19397627e-14  4.81353188e-28  0.00000000e+00   43.245000
  9.333 -1.64423362e-14  2.70350421e-28  0.00000000e+00   43.555556
  9.367 -1.23076649e-14  1.51478616e-28  0.00000000e+00   43.867222
  9.400 -9.20170322e-15  8.46713421e-29  0.00000000e+00   44.180000
  9.433 -6.87132907e-15  4.72151632e-29  0.00000000e+00   44.493889
  9.467 -5.12498033e-15  2.62654234e-29  0.00000000e+00   44.808889
  9.500 -3.81786422e-15  1.45760872e-29  0.00000000e+00   45.125000
  9.533 -2.84067482e-15  8.06943345e-30  0.00000000e+00   45.442222
  9.567 -2.11099759e-15  4.45631082e-30  0.00000000e+00   45.760556
  9.600 -1.56676927e-15  2.45476596e-30  0.00000000e+00   46.080000
  9.633 -1.16130817e-15  1.34863667e-30  0.00000000e+00   46.400556
  9.667 -8.59542212e-16  7.38812814e-31  0.00000000e+00   46.722222
  9.700 -6.35149566e-16  4.03414971e-31  0.00000000e+00   47.045000
  9.733 -4.68393358e-16  2.19392338e-31  0.00000000e+00   47.368889
  9.767 -3.44483425e-16  1.18668830e-31  0.00000000e+00   47.693889
  9.800 -2.52337541e-16  6.36742345e-32  0.00000000e+00   48.020000
  9.833 -1.83644649e-16  3.37253573e-32  0.00000000e+00   48.347222
  9.867 -1.32155640e-16  1.74651133e-32  0.00000000e+00   48.675556
  9.900 -9.31446870e-17  8.67593271e-33  0.00000000e+00   49.005000
  9.933 -6.29973273e-17  3.96866324e-33  0.00000000e+00   49.335556
  9.967 -3.88913000e-17  1.51253321e-33  0.00000000e+00   49.667222
 10.000 -1.85433193e-17  3.43854689e-34  0.00000000e+00   50.000000
