-10.000 -3.32280649e-18  1.10410430e-35  0.00000000e+00   50.000000
 -9.967 -6.97649840e-18  4.86715299e-35  0.00000000e+00   49.667222
 -9.933 -1.13200814e-17  1.28144243e-34  0.00000000e+00   49.335556
 -9.900 -1.67748015e-17  2.81393965e-34  0.00000000e+00   49.005000
 -9.867 -2.38636745e-17  5.69474960e-34  0.00000000e+00   48.675556
 -9.833 -3.32596108e-17  1.10620171e-33  0.00000000e+00   48.347222
 -9.800 -4.58463866e-17  2.10189116e-33  0.00000000e+00   48.020000
 -9.767 -6.27977258e-17  3.94355436e-33  0.00000000e+00   47.693889
 -9.733 -8.56812064e-17  7.34126912e-33  0.00000000e+00   47.368889
 -9.700 -1.16595689e-16  1.35945547e-32  0.00000000e+00   47.045000
 -9.667 -1.58353642e-16  2.50758758e-32  0.00000000e+00   46.722222
 -9.633 -2.14723288e-16  4.61060906e-32  0.00000000e+00   46.400556
 -9.600 -2.90750220e-16  8.45356902e-32  0.00000000e+00   46.080000
 -9.567 -3.93184288e-16  1.54593884e-31  0.00000000e+00   45.760556
 -9.533 -5.31045753e-16  2.82009592e-31  0.00000000e+00   45.442222
 -9.500 -7.16375297e-16  5.13193566e-31  0.00000000e+00   45.125000
 -9.467 -9.65226469e-16  9.31662136e-31  0.00000000e+00   44.808889
 -9.433 -1.29897732e-15  1.68734209e-30  0.00000000e+00   44.493889
 -9.400 -1.74606176e-15  3.04873166e-30  0.00000000e+00   44.180000
 -9.367 -2.34425197e-15  5.49551728e-30  0.00000000e+00   43.867222
 -9.333 -3.14366361e-15  9.88262088e-30  0.00000000e+00   43.555556
 -9.300 -4.21070748e-15  1.77300575e-29  0.00000000e+00   43.245000
 -9.267 -5.63327913e-15  3.17338338e-29  0.00000000e+00   42.935556
 -9.233 -7.52756555e-15  5.66642431e-29  0.00000000e+00   42.627222
 -9.200 -1.00469611e-14  1.00941428e-28  0.00000000e+00   42.320000
 -9.167 -1.33937318e-14  1.79392051e-28  0.00000000e+00   42.013889
 -9.133 -1.78342541e-14  3.18060618e-28  0.00000000e+00   41.708889
 -9.100 -2.37189002e-14  5.62586224e-28  0.00000000e+00   41.405000
 -9.067 -3.15079501e-14  9.92750921e-28  0.00000000e+00   41.102222
 -9.033 -4.18053161e-14  1.74768445e-27  0.00000000e+00   40.800556
 -9.000 -5.54023750e-14  3.06942316e-27  0.00000000e+00   40.500000
 -8.967 -7.33348671e-14  5.37800274e-27  0.00000000e+00   40.200556
 -8.933 -9.69566572e-14  9.40059337e-27  0.00000000e+00   39.902222
 -8.900 -1.28035232e-13  1.63930207e-26  0.00000000e+00   39.605000
 -8.867 -1.68875181e-13  2.85188267e-26  0.00000000e+00   39.308889
 -8.833 -2.22477637e-13  4.94962989e-26  0.00000000e+00   39.013889
 -8.800 -2.92745907e-13  8.57001660e-26  0.00000000e+00   38.720000
 -8.767 -3.84750292e-13  1.48032787e-25  0.00000000e+00   38.427222
 -8.733 -5.05068708e-13  2.55094400e-25  0.00000000e+00   38.135556
 -8.700 -6.62224226e-13  4.38540926e-25  0.00000000e+00   37.845000
 -8.667 -8.67246345e-13  7.52116223e-25  0.00000000e+00   37.555556
 -8.633 -1.13439006e-12  1.28684082e-24  0.00000000e+00   37.267222
 -8.600 -1.48205588e-12  2.19648962e-24  0.00000000e+00   36.980000
 -8.567 -1.93396529e-12  3.74022172e-24  0.00000000e+00   36.693889
 -8.533 -2.52066077e-12  6.35373070e-24  0.00000000e+00   36.408889
 -8.500 -3.28141724e-12  1.07676991e-23  0.00000000e+00   36.125000
 -8.467 -4.26667465e-12  1.82045125e-23  0.00000000e+00   35.842222
 -8.433 -5.54112954e-12  3.07041166e-23  0.00000000e+00   35.560556
 -8.400 -7.18765903e-12  5.16624423e-23  0.00000000e+00   35.280000
 -8.367 -9.31229439e-12  8.67188267e-23  0.00000000e+00   35.000556
 -8.333 -1.20505166e-11  1.45214952e-22  0.00000000e+00   34.722222
 -8.300 -1.55752149e-11  2.42587319e-22  0.00000000e+00   34.445000
 -8.267 -2.01067327e-11  4.04280700e-22  0.00000000e+00   34.168889
 -8.233 -2.59255332e-11  6.72133273e-22  0.00000000e+00   33.893889
 -8.200 -3.33881444e-11  1.11476819e-21  0.00000000e+00   33.620000
 -8.167 -4.29472058e-11  1.84446249e-21  0.00000000e+00   33.347222
 -8.133 -5.51766380e-11  3.04446138e-21  0.00000000e+00   33.075556
 -8.100 -7.08032002e-11  5.01309316e-21  0.00000000e+00   32.805000
 -8.067 -9.07460039e-11  8.23483723e-21  0.00000000e+00   32.535556
 -8.033 -1.16165919e-10  1.34945207e-20  0.00000000e+00   32.267222
 -8.000 -1.48527264e-10  2.20603481e-20  0.00000000e+00   32.000000
 -7.967 -1.89674731e-10  3.59765036e-20  0.00000000e+00   31.733889
 -7.933 -2.41929171e-10  5.85297236e-20  0.00000000e+00   31.468889
 -7.900 -3.08206695e-10  9.49913669e-20  0.00000000e+00   31.205000
 -7.867 -3.92166577e-10  1.53794624e-19  0.00000000e+00   30.942222
 -7.833 -4.98394639e-10  2.48397217e-19  0.00000000e+00   30.680556
 -7.800 -6.32630339e-10  4.00221146e-19  0.00000000e+00   30.420000
 -7.767 -8.02047563e-10  6.43280293e-19  0.00000000e+00   30.160556
 -7.733 -1.01560134e-09  1.03144609e-18  0.00000000e+00   29.902222
 -7.700 -1.28445537e-09  1.64982561e-18  0.00000000e+00   29.645000
 -7.667 -1.62250839e-09  2.63253346e-18  0.00000000e+00   29.388889
 -7.633 -2.04704137e-09  4.19037837e-18  0.00000000e+00   29.133889
 -7.600 -2.57951218e-09  6.65388309e-18  0.00000000e+00   28.880000
 -7.567 -3.24652976e-09  1.05399555e-17  0.00000000e+00   28.627222
 -7.533 -4.08104680e-09  1.66549430e-17  0.00000000e+00   28.375556
 -7.500 -5.12381782e-09  2.62535090e-17  0.00000000e+00   28.125000
 -7.467 -6.42517894e-09  4.12829245e-17  0.00000000e+00   27.875556
 -7.433 -8.04721748e-09  6.47577091e-17  0.00000000e+00   27.627222
 -7.400 -1.00664125e-08  1.01332661e-16  0.00000000e+00   27.380000
 -7.367 -1.25768444e-08  1.58177016e-16  0.00000000e+00   27.133889
 -7.333 -1.56940897e-08  2.46304450e-16  0.00000000e+00   26.888889
 -7.300 -1.95599407e-08  3.82591280e-16  0.00000000e+00   26.645000
 -7.267 -2.43481171e-08  5.92830806e-16  0.00000000e+00   26.402222
 -7.233 -3.02711657e-08  9.16343474e-16  0.00000000e+00   26.160556
 -7.200 -3.75887850e-08  1.41291676e-15  0.00000000e+00   25.920000
 -7.167 -4.66178526e-08  2.17322418e-15  0.00000000e+00   25.680556
 -7.133 -5.77444859e-08  3.33442565e-15  0.00000000e+00   25.442222
 -7.100 -7.14385266e-08  5.10346308e-15  0.00000000e+00   25.205000
 -7.067 -8.82709092e-08  7.79175342e-15  0.00000000e+00   24.968889
 -7.033 -1.08934456e-07  1.18667158e-14  0.00000000e+00   24.733889
 -7.000 -1.34268738e-07  1.80280941e-14  0.00000000e+00   24.500000
 -6.967 -1.65289745e-07  2.73206999e-14  0.00000000e+00   24.267222
 -6.933 -2.03225249e-07  4.13005016e-14  0.00000000e+00   24.035556
 -6.900 -2.49556878e-07  6.22786355e-14  0.00000000e+00   23.805000
 -6.867 -3.06070110e-07  9.36789122e-14  0.00000000e+00   23.575556
 -6.833 -3.74913556e-07  1.40560174e-13  0.00000000e+00   23.347222
 -6.800 -4.58669181e-07  2.10377417e-13  0.00000000e+00   23.120000
 -6.767 -5.60435323e-07  3.14087751e-13  0.00000000e+00   22.893889
 -6.733 -6.83924695e-07  4.67752988e-13  0.00000000e+00   22.668889
 -6.700 -8.33579878e-07  6.94855414e-13  0.00000000e+00   22.445000
 -6.667 -1.01470922e-06  1.02963481e-12  0.00000000e+00   22.222222
 -6.633 -1.23364648e-06  1.52188364e-12  0.00000000e+00   22.000556
 -6.600 -1.49793801e-06  2.24381828e-12  0.00000000e+00   21.780000
 -6.567 -1.81656196e-06  3.29989734e-12  0.00000000e+00   21.560556
 -6.533 -2.20018443e-06  4.84081153e-12  0.00000000e+00   21.342222
 -6.500 -2.66145843e-06  7.08336099e-12  0.00000000e+00   21.125000
 -6.467 -3.21537203e-06  1.03386173e-11  0.00000000e+00   20.908889
 -6.433 -3.87965326e-06  1.50517094e-11  0.00000000e+00   20.693889
 -6.400 -4.67524010e-06  2.18578700e-11  0.00000000e+00   20.480000
 -6.367 -5.62682515e-06  3.16611612e-11  0.00000000e+00   20.267222
 -6.333 -6.76348552e-06  4.57447363e-11  0.00000000e+00   20.055556
 -6.300 -8.11941032e-06  6.59248240e-11  0.00000000e+00   19.845000
 -6.267 -9.73473903e-06  9.47651441e-11  0.00000000e+00   19.635556
 -6.233 -1.16565260e-05  1.35874599e-10  0.00000000e+00   19.427222
 -6.200 -1.39398482e-05  1.94319369e-10  0.00000000e+00   19.220000
 -6.167 -1.66490747e-05  2.77191689e-10  0.00000000e+00   19.013889
 -6.133 -1.98593191e-05  3.94392554e-10  0.00000000e+00   18.808889
 -6.100 -2.36580980e-05  5.59705599e-10  0.00000000e+00   18.605000
 -6.067 -2.81472212e-05  7.92266058e-10  0.00000000e+00   18.402222
 -6.033 -3.34449414e-05  1.11856410e-09  0.00000000e+00   18.200556
 -6.000 -3.96883945e-05  1.57516866e-09  0.00000000e+00   18.000000
 -5.967 -4.70363641e-05  2.21241955e-09  0.00000000e+00   17.800556
 -5.933 -5.56724071e-05  3.09941691e-09  0.00000000e+00   17.602222
 -5.900 -6.58083790e-05  4.33074275e-09  0.00000000e+00   17.405000
 -5.867 -7.76884043e-05  6.03548817e-09  0.00000000e+00   17.208889
 -5.833 -9.15933348e-05  8.38933897e-09  0.00000000e+00   17.013889
 -5.800 -1.07845748e-04  1.16307054e-08  0.00000000e+00   16.820000
 -5.767 -1.26815538e-04  1.60821806e-08  0.00000000e+00   16.627222
 -5.733 -1.48926150e-04  2.21789980e-08  0.00000000e+00   16.435556
 -5.700 -1.74661527e-04  3.05066492e-08  0.00000000e+00   16.245000
 -5.667 -2.04573822e-04  4.18504486e-08  0.00000000e+00   16.055556
 -5.633 -2.39291935e-04  5.72606300e-08  0.00000000e+00   15.867222
 -5.600 -2.79530960e-04  7.81375576e-08  0.00000000e+00   15.680000
 -5.567 -3.26102589e-04  1.06342898e-07  0.00000000e+00   15.493889
 -5.533 -3.79926549e-04  1.44344182e-07  0.00000000e+00   15.308889
 -5.500 -4.42043147e-04  1.95402144e-07  0.00000000e+00   15.125000
 -5.467 -5.13626979e-04  2.63812673e-07  0.00000000e+00   14.942222
 -5.433 -5.96001873e-04  3.55218233e-07  0.00000000e+00   14.760556
 -5.400 -6.90657137e-04  4.77007280e-07  0.00000000e+00   14.580000
 -5.367 -7.99265147e-04  6.38824775e-07  0.00000000e+00   14.400556
 -5.333 -9.23700356e-04  8.53222347e-07  0.00000000e+00   14.222222
 -5.300 -1.06605973e-03  1.13648336e-06  0.00000000e+00   14.045000
 -5.267 -1.22868470e-03  1.50966610e-06  0.00000000e+00   13.868889
 -5.233 -1.41418454e-03  1.99991792e-06  0.00000000e+00   13.693889
 -5.200 -1.62546134e-03  2.64212456e-06  0.00000000e+00   13.520000
 -5.167 -1.86573636e-03  3.48097215e-06  0.00000000e+00   13.347222
 -5.133 -2.13857792e-03  4.57351550e-06  0.00000000e+00   13.175556
 -5.100 -2.44793062e-03  5.99236430e-06  0.00000000e+00   13.005000
 -5.067 -2.79814586e-03  7.82962027e-06  0.00000000e+00   12.835556
 -5.033 -3.19401357e-03  1.02017227e-05  0.00000000e+00   12.667222
 -5.000 -3.64079486e-03  1.32553872e-05  0.00000000e+00   12.500000
 -4.967 -4.14425559e-03  1.71748544e-05  0.00000000e+00   12.333889
 -4.933 -4.71070044e-03  2.21906987e-05  0.00000000e+00   12.168889
 -4.900 -5.34700728e-03  2.85904868e-05  0.00000000e+00   12.005000
 -4.867 -6.06066146e-03  3.67316173e-05  0.00000000e+00   11.842222
 -4.833 -6.85978968e-03  4.70567144e-05  0.00000000e+00   11.680556
 -4.800 -7.75319288e-03  6.01119999e-05  0.00000000e+00   11.520000
 -4.767 -8.75037777e-03  7.65691111e-05  0.00000000e+00   11.360556
 -4.733 -9.86158623e-03  9.72508831e-05  0.00000000e+00   11.202222
 -4.700 -1.10978222e-02  1.23161657e-04  0.00000000e+00   11.045000
 -4.667 -1.24708749e-02  1.55522721e-04  0.00000000e+00   10.888889
 -4.633 -1.39933383e-02  1.95813517e-04  0.00000000e+00   10.733889
 -4.600 -1.56786252e-02  2.45819287e-04  0.00000000e+00   10.580000
 -4.567 -1.75409751e-02  3.07685808e-04  0.00000000e+00   10.427222
 -4.533 -1.95954562e-02  3.83981905e-04  0.00000000e+00   10.275556
 -4.500 -2.18579581e-02  4.77770332e-04  0.00000000e+00   10.125000
 -4.467 -2.43451760e-02  5.92687592e-04  0.00000000e+00    9.975556
 -4.433 -2.70745847e-02  7.33033139e-04  0.00000000e+00    9.827222
 -4.400 -3.00644015e-02  9.03868237e-04  0.00000000e+00    9.680000
 -4.367 -3.33335352e-02  1.11112457e-03  0.00000000e+00    9.533889
 -4.333 -3.69015227e-02  1.36172238e-03  0.00000000e+00    9.388889
 -4.300 -4.07884497e-02  1.66369763e-03  0.00000000e+00    9.245000
 -4.267 -4.50148553e-02  2.02633719e-03  0.00000000e+00    9.102222
 -4.233 -4.96016189e-02  2.46032060e-03  0.00000000e+00    8.960556
 -4.200 -5.45698296e-02  2.97786630e-03  0.00000000e+00    8.820000
 -4.167 -5.99406344e-02  3.59287965e-03  0.00000000e+00    8.680556
 -4.133 -6.57350676e-02  4.32109911e-03  0.00000000e+00    8.542222
 -4.100 -7.19738584e-02  5.18023629e-03  0.00000000e+00    8.405000
 -4.067 -7.86772168e-02  6.19010444e-03  0.00000000e+00    8.268889
 -4.033 -8.58645976e-02  7.37272913e-03  0.00000000e+00    8.133889
 -4.000 -9.35544427e-02  8.75243375e-03  0.00000000e+00    8.000000
 -3.967 -1.01763901e-01  1.03558915e-02  0.00000000e+00    7.867222
 -3.933 -1.10508526e-01  1.22121344e-02  0.00000000e+00    7.735556
 -3.900 -1.19801958e-01  1.43525092e-02  0.00000000e+00    7.605000
 -3.867 -1.29655578e-01  1.68105688e-02  0.00000000e+00    7.475556
 -3.833 -1.40078150e-01  1.96218882e-02  0.00000000e+00    7.347222
 -3.800 -1.51075452e-01  2.28237921e-02  0.00000000e+00    7.220000
 -3.767 -1.62649881e-01  2.64549838e-02  0.00000000e+00    7.093889
 -3.733 -1.74800062e-01  3.05550617e-02  0.00000000e+00    6.968889
 -3.700 -1.87520441e-01  3.51639156e-02  0.00000000e+00    6.845000
 -3.667 -2.00800879e-01  4.03209930e-02  0.00000000e+00    6.722222
 -3.633 -2.14626251e-01  4.60644276e-02  0.00000000e+00    6.600556
 -3.600 -2.28976047e-01  5.24300299e-02  0.00000000e+00    6.480000
 -3.567 -2.43823987e-01  5.94501366e-02  0.00000000e+00    6.360556
 -3.533 -2.59137660e-01  6.71523270e-02  0.00000000e+00    6.242222
 -3.500 -2.74878182e-01  7.55580151e-02  0.00000000e+00    6.125000
 -3.467 -2.90999889e-01  8.46809351e-02  0.00000000e+00    6.008889
 -3.433 -3.07450066e-01  9.45255433e-02  0.00000000e+00    5.893889
 -3.400 -3.24168734e-01  1.05085368e-01  0.00000000e+00    5.780000
 -3.367 -3.41088473e-01  1.16341347e-01  0.00000000e+00    5.667222
 -3.333 -3.58134327e-01  1.28260196e-01  0.00000000e+00    5.555556
 -3.300 -3.75224391e-01  1.40793343e-01  9.86485672e-01    5.445000
 -3.267 -3.92267971e-01  1.53874161e-01  5.70528482e-01    5.335556
 -3.233 -4.09167600e-01  1.67418125e-01  4.42981301e-01    5.227222
 -3.200 -4.25818624e-01  1.81321501e-01  3.75317967e-01    5.120000
 -3.167 -4.42109525e-01  1.95460832e-01  3.31836446e-01    5.013889
 -3.133 -4.57922340e-01  2.09692869e-01  3.00924635e-01    4.908889
 -3.100 -4.73133191e-01  2.23855016e-01  2.77523786e-01    4.805000
 -3.067 -4.87612931e-01  2.37766371e-01  2.59031078e-01    4.702222
 -3.033 -5.01227902e-01  2.51229410e-01  2.43952820e-01    4.600556
 -3.000 -5.13840809e-01  2.64032377e-01  2.31362597e-01    4.500000
 -2.967 -5.25311711e-01  2.75952394e-01  2.20651364e-01    4.400556
 -2.933 -5.35499134e-01  2.86759322e-01  2.11400119e-01    4.302222
 -2.900 -5.44261279e-01  2.96220340e-01  2.03309909e-01    4.205000
 -2.867 -5.51457356e-01  3.04105215e-01  1.96160963e-01    4.108889
 -2.833 -5.56949002e-01  3.10192191e-01  1.89787633e-01    4.013889
 -2.800 -5.60601794e-01  3.14274372e-01  1.84062390e-01    3.920000
 -2.767 -5.62286843e-01  3.16166494e-01  1.78885244e-01    3.827222
 -2.733 -5.61882446e-01  3.15711884e-01  1.74176551e-01    3.735556
 -2.700 -5.59275794e-01  3.12789414e-01  1.69871983e-01    3.645000
 -2.667 -5.54364707e-01  3.07320229e-01  1.65918944e-01    3.555556
 -2.633 -5.47059388e-01  2.99273974e-01  1.62273955e-01    3.467222
 -2.600 -5.37284158e-01  2.88674267e-01  1.58900721e-01    3.380000
 -2.567 -5.24979174e-01  2.75603134e-01  1.55768676e-01    3.293889
 -2.533 -5.10102079e-01  2.60204131e-01  1.52851873e-01    3.208889
 -2.500 -4.92629577e-01  2.42683900e-01  1.50128122e-01    3.125000
 -2.467 -4.72558902e-01  2.23311916e-01  1.47578323e-01    3.042222
 -2.433 -4.49909155e-01  2.02418248e-01  1.45185931e-01    2.960556
 -2.400 -4.24722474e-01  1.80389180e-01  1.42936539e-01    2.880000
 -2.367 -3.97065027e-01  1.57660636e-01  1.40817531e-01    2.800556
 -2.333 -3.67027790e-01  1.34709399e-01  1.38817809e-01    2.722222
 -2.300 -3.34727082e-01  1.12042220e-01  1.36927566e-01    2.645000
 -2.267 -3.00304850e-01  9.01830031e-02  1.35138102e-01    2.568889
 -2.233 -2.63928668e-01  6.96583416e-02  1.33441665e-01    2.493889
 -2.200 -2.25791435e-01  5.09817720e-02  1.31831325e-01    2.420000
 -2.167 -1.86110765e-01  3.46372170e-02  1.30300867e-01    2.347222
 -2.133 -1.45128047e-01  2.10621500e-02  1.28844696e-01    2.275556
 -2.100 -1.03107164e-01  1.06310873e-02  1.27457763e-01    2.205000
 -2.067 -6.03328864e-02  3.64005719e-03  1.26135499e-01    2.135556
 -2.033 -1.71089162e-02  2.92715015e-04  1.24873755e-01    2.067222
 -2.000  2.62443953e-02  6.88768287e-04  1.23668759e-01    2.000000
 -1.967  6.93926539e-02  4.81534041e-03  1.22517068e-01    1.933889
 -1.933  1.11990333e-01  1.25418347e-02  1.21415538e-01    1.868889
 -1.900  1.53683971e-01  2.36187628e-02  1.20361287e-01    1.805000
 -1.867  1.94115622e-01  3.76808746e-02  1.19351670e-01    1.742222
 -1.833  2.32926540e-01  5.42547729e-02  1.18384258e-01    1.680556
 -1.800  2.69761045e-01  7.27710212e-02  1.17456808e-01    1.620000
 -1.767  3.04270539e-01  9.25805612e-02  1.16567256e-01    1.560556
 -1.733  3.36117629e-01  1.12975061e-01  1.15713690e-01    1.502222
 -1.700  3.64980292e-01  1.33210613e-01  1.14894342e-01    1.445000
 -1.667  3.90556043e-01  1.52534023e-01  1.14107573e-01    1.388889
 -1.633  4.12566052e-01  1.70210747e-01  1.13351861e-01    1.333889
 -1.600  4.30759132e-01  1.85553430e-01  1.12625792e-01    1.280000
 -1.567  4.44915568e-01  1.97949862e-01  1.11928049e-01    1.227222
 -1.533  4.54850695e-01  2.06889155e-01  1.11257406e-01    1.175556
 -1.500  4.60418201e-01  2.11984920e-01  1.10612718e-01    1.125000
 -1.467  4.61513070e-01  2.12994314e-01  1.09992918e-01    1.075556
 -1.433  4.58074122e-01  2.09831901e-01  1.09397007e-01    1.027222
 -1.400  4.50086100e-01  2.02577497e-01  1.08824050e-01    0.980000
 -1.367  4.37581258e-01  1.91477357e-01  1.08273174e-01    0.933889
 -1.333  4.20640400e-01  1.76938346e-01  1.07743559e-01    0.888889
 -1.300  3.99393348e-01  1.59515046e-01  1.07234435e-01    0.845000
 -1.267  3.74018803e-01  1.39890065e-01  1.06745083e-01    0.802222
 -1.233  3.44743579e-01  1.18848135e-01  1.06274825e-01    0.760556
 -1.200  3.11841205e-01  9.72449369e-02  1.05823025e-01    0.720000
 -1.167  2.75629885e-01  7.59718333e-02  1.05389084e-01    0.680556
 -1.133  2.36469830e-01  5.59179805e-02  1.04972442e-01    0.642222
 -1.100  1.94759974e-01  3.79314475e-02  1.04572569e-01    0.605000
 -1.067  1.50934099e-01  2.27811021e-02  1.04188967e-01    0.568889
 -1.033  1.05456409e-01  1.11210542e-02  1.03821168e-01    0.533889
 -1.000  5.88166000e-02  3.45939244e-03  1.03468732e-01    0.500000
 -0.967  1.15244683e-02  1.32813369e-04  1.03131243e-01    0.467222
 -0.933 -3.58958657e-02  1.28851317e-03  1.02808312e-01    0.435556
 -0.900 -8.29120579e-02  6.87440934e-03  1.02499569e-01    0.405000
 -0.867 -1.28989885e-01  1.66383906e-02  1.02204670e-01    0.375556
 -0.833 -1.73599753e-01  3.01368744e-02  1.01923289e-01    0.347222
 -0.800 -2.16223277e-01  4.67525056e-02  1.01655120e-01    0.320000
 -0.767 -2.56359849e-01  6.57203723e-02  1.01399876e-01    0.293889
 -0.733 -2.93533100e-01  8.61616805e-02  1.01157286e-01    0.268889
 -0.700 -3.27297156e-01  1.07123428e-01  1.00927097e-01    0.245000
 -0.667 -3.57242613e-01  1.27622284e-01  1.00709072e-01    0.222222
 -0.633 -3.83002118e-01  1.46690622e-01  1.00502987e-01    0.200556
 -0.600 -4.04255493e-01  1.63422504e-01  1.00308637e-01    0.180000
 -0.567 -4.20734312e-01  1.77017362e-01  1.00125825e-01    0.160556
 -0.533 -4.32225852e-01  1.86819187e-01  9.99543726e-02    0.142222
 -0.500 -4.38576360e-01  1.92349224e-01  9.97941107e-02    0.125000
 -0.467 -4.39693588e-01  1.93330451e-01  9.96448840e-02    0.108889
 -0.433 -4.35548525e-01  1.89702517e-01  9.95065489e-02    0.093889
 -0.400 -4.26176317e-01  1.81626253e-01  9.93789732e-02    0.080000
 -0.367 -4.11676340e-01  1.69477409e-01  9.92620359e-02    0.067222
 -0.333 -3.92211412e-01  1.53829791e-01  9.91556268e-02    0.055556
 -0.300 -3.68006154e-01  1.35428529e-01  9.90596462e-02    0.045000
 -0.267 -3.39344514e-01  1.15154699e-01  9.89740046e-02    0.035556
 -0.233 -3.06566475e-01  9.39830034e-02  9.88986227e-02    0.027222
 -0.200 -2.70063990e-01  7.29345588e-02  9.88334309e-02    0.020000
 -0.167 -2.30276206e-01  5.30271312e-02  9.87783691e-02    0.013889
 -0.133 -1.87684021e-01  3.52252918e-02  9.87333870e-02    0.008889
 -0.100 -1.42804062e-01  2.03930000e-02  9.86984434e-02    0.005000
 -0.067 -9.61821625e-02  9.25100838e-03  9.86735063e-02    0.002222
 -0.033 -4.83864309e-02  2.34124669e-03  9.86585531e-02    0.000556
  0.000  0.00000000e+00  0.00000000e+00  9.86535703e-02    0.000000
  0.033  4.83864309e-02  2.34124669e-03  9.86585531e-02    0.000556
  0.067  9.61821625e-02  9.25100838e-03  9.86735063e-02    0.002222
  0.100  1.42804062e-01  2.03930000e-02  9.86984434e-02    0.005000
  0.133  1.87684021e-01  3.52252918e-02  9.87333870e-02    0.008889
  0.167  2.30276206e-01  5.30271312e-02  9.87783691e-02    0.013889
  0.200  2.70063990e-01  7.29345588e-02  9.88334309e-02    0.020000
  0.233  3.06566475e-01  9.39830034e-02  9.88986227e-02    0.027222
  0.267  3.39344514e-01  1.15154699e-01  9.89740046e-02    0.035556
  0.300  3.68006154e-01  1.35428529e-01  9.90596462e-02    0.045000
  0.333  3.92211412e-01  1.53829791e-01  9.91556268e-02    0.055556
  0.367  4.11676340e-01  1.69477409e-01  9.92620359e-02    0.067222
  0.400  4.26176317e-01  1.81626253e-01  9.93789732e-02    0.080000
  0.433  4.35548525e-01  1.89702517e-01  9.95065489e-02    0.093889
  0.467  4.39693588e-01  1.93330451e-01  9.96448840e-02    0.108889
  0.500  4.38576360e-01  1.92349224e-01  9.97941107e-02    0.125000
  0.533  4.32225852e-01  1.86819187e-01  9.99543726e-02    0.142222
  0.567  4.20734312e-01  1.77017362e-01  1.00125825e-01    0.160556
  0.600  4.04255493e-01  1.63422504e-01  1.00308637e-01    0.180000
  0.633  3.83002118e-01  1.46690622e-01  1.00502987e-01    0.200556
  0.667  3.57242613e-01  1.27622284e-01  1.00709072e-01    0.222222
  0.700  3.27297156e-01  1.07123428e-01  1.00927097e-01    0.245000
  0.733  2.93533100e-01  8.61616805e-02  1.01157286e-01    0.268889
  0.767  2.56359849e-01  6.57203723e-02  1.01399876e-01    0.293889
  0.800  2.16223277e-01  4.67525056e-02  1.01655120e-01    0.320000
  0.833  1.73599753e-01  3.01368744e-02  1.01923289e-01    0.347222
  0.867  1.28989885e-01  1.66383906e-02  1.02204670e-01    0.375556
  0.900  8.29120579e-02  6.87440934e-03  1.02499569e-01    0.405000
  0.933  3.58958657e-02  1.28851317e-03  1.02808312e-01    0.435556
  0.967 -1.15244683e-02  1.32813369e-04  1.03131243e-01    0.467222
  1.000 -5.88166000e-02  3.45939244e-03  1.03468732e-01    0.500000
  1.033 -1.05456409e-01  1.11210542e-02  1.03821168e-01    0.533889
  1.067 -1.50934099e-01  2.27811021e-02  1.04188967e-01    0.568889
  1.100 -1.94759974e-01  3.79314475e-02  1.04572569e-01    0.605000
  1.133 -2.36469830e-01  5.59179805e-02  1.04972442e-01    0.642222
  1.167 -2.75629885e-01  7.59718333e-02  1.05389084e-01    0.680556
  1.200 -3.11841205e-01  9.72449369e-02  1.05823025e-01    0.720000
  1.233 -3.44743579e-01  1.18848135e-01  1.06274825e-01    0.760556
  1.267 -3.74018803e-01  1.39890065e-01  1.06745083e-01    0.802222
  1.300 -3.99393348e-01  1.59515046e-01  1.07234435e-01    0.845000
  1.333 -4.20640400e-01  1.76938346e-01  1.07743559e-01    0.888889
  1.367 -4.37581258e-01  1.91477357e-01  1.08273174e-01    0.933889
  1.400 -4.50086100e-01  2.02577497e-01  1.08824050e-01    0.980000
  1.433 -4.58074122e-01  2.09831901e-01  1.09397007e-01    1.027222
  1.467 -4.61513070e-01  2.12994314e-01  1.09992918e-01    1.075556
  1.500 -4.60418201e-01  2.11984920e-01  1.10612718e-01    1.125000
  1.533 -4.54850695e-01  2.06889155e-01  1.11257406e-01    1.175556
  1.567 -4.44915568e-01  1.97949862e-01  1.11928049e-01    1.227222
  1.600 -4.30759132e-01  1.85553430e-01  1.12625792e-01    1.280000
  1.633 -4.12566052e-01  1.70210747e-01  1.13351861e-01    1.333889
  1.667 -3.90556043e-01  1.52534023e-01  1.14107573e-01    1.388889
  1.700 -3.64980292e-01  1.33210613e-01  1.14894342e-01    1.445000
  1.733 -3.36117629e-01  1.12975061e-01  1.15713690e-01    1.502222
  1.767 -3.04270539e-01  9.25805612e-02  1.16567256e-01    1.560556
  1.800 -2.69761045e-01  7.27710212e-02  1.17456808e-01    1.620000
  1.833 -2.32926540e-01  5.42547729e-02  1.18384258e-01    1.680556
  1.867 -1.94115622e-01  3.76808746e-02  1.19351670e-01    1.742222
  1.900 -1.53683971e-01  2.36187628e-02  1.20361287e-01    1.805000
  1.933 -1.11990333e-01  1.25418347e-02  1.21415538e-01    1.868889
  1.967 -6.93926539e-02  4.81534041e-03  1.22517068e-01    1.933889
  2.000 -2.62443953e-02  6.88768287e-04  1.23668759e-01    2.000000
  2.033  1.71089162e-02  2.92715015e-04  1.24873755e-01    2.067222
  2.067  6.03328864e-02  3.64005719e-03  1.26135499e-01    2.135556
  2.100  1.03107164e-01  1.06310873e-02  1.27457763e-01    2.205000
  2.133  1.45128047e-01  2.10621500e-02  1.28844696e-01    2.275556
  2.167  1.86110765e-01  3.46372170e-02  1.30300867e-01    2.347222
  2.200  2.25791435e-01  5.09817720e-02  1.31831325e-01    2.420000
  2.233  2.63928668e-01  6.96583416e-02  1.33441665e-01    2.493889
  2.267  3.00304850e-01  9.01830031e-02  1.35138102e-01    2.568889
  2.300  3.34727082e-01  1.12042220e-01  1.36927566e-01    2.645000
  2.333  3.67027790e-01  1.34709399e-01  1.38817809e-01    2.722222
  2.367  3.97065027e-01  1.57660636e-01  1.40817531e-01    2.800556
  2.400  4.24722474e-01  1.80389180e-01  1.42936539e-01    2.880000
  2.433  4.49909155e-01  2.02418248e-01  1.45185931e-01    2.960556
  2.467  4.72558902e-01  2.23311916e-01  1.47578323e-01    3.042222
  2.500  4.92629577e-01  2.42683900e-01  1.50128122e-01    3.125000
  2.533  5.10102079e-01  2.60204131e-01  1.52851873e-01    3.208889
  2.567  5.24979174e-01  2.75603134e-01  1.55768676e-01    3.293889
  2.600  5.37284158e-01  2.88674267e-01  1.58900721e-01    3.380000
  2.633  5.47059388e-01  2.99273974e-01  1.62273955e-01    3.467222
  2.667  5.54364707e-01  3.07320229e-01  1.65918944e-01    3.555556
  2.700  5.59275794e-01  3.12789414e-01  1.69871983e-01    3.645000
  2.733  5.61882446e-01  3.15711884e-01  1.74176551e-01    3.735556
  2.767  5.62286843e-01  3.16166494e-01  1.78885244e-01    3.827222
  2.800  5.60601794e-01  3.14274372e-01  1.84062390e-01    3.920000
  2.833  5.56949002e-01  3.10192191e-01  1.89787633e-01    4.013889
  2.867  5.51457356e-01  3.04105215e-01  1.96160963e-01    4.108889
  2.900  5.44261279e-01  2.96220340e-01  2.03309909e-01    4.205000
  2.933  5.35499134e-01  2.86759322e-01  2.11400119e-01    4.302222
  2.967  5.25311711e-01  2.75952394e-01  2.20651364e-01    4.400556
  3.000  5.13840809e-01  2.64032377e-01  2.31362597e-01    4.500000
  3.033  5.01227902e-01  2.51229410e-01  2.43952820e-01    4.600556
  3.067  4.87612931e-01  2.37766371e-01  2.59031078e-01    4.702222
  3.100  4.73133191e-01  2.23855016e-01  2.77523786e-01    4.805000
  3.133  4.57922340e-01  2.09692869e-01  3.00924635e-01    4.908889
  3.167  4.42109525e-01  1.95460832e-01  3.31836446e-01    5.013889
  3.200  4.25818624e-01  1.81321501e-01  3.75317967e-01    5.120000
  3.233  4.09167600e-01  1.67418125e-01  4.42981301e-01    5.227222
  3.267  3.92267971e-01  1.53874161e-01  5.70528482e-01    5.335556
  3.300  3.75224391e-01  1.40793343e-01  9.86485672e-01    5.445000
  3.333  3.58134327e-01  1.28260196e-01  0.00000000e+00    5.555556
  3.367  3.41088473e-01  1.16341347e-01  0.00000000e+00    5.667222
  3.400  3.24168734e-01  1.05085368e-01  0.00000000e+00    5.780000
  3.433  3.07450066e-01  9.45255433e-02  0.00000000e+00    5.893889
  3.467  2.90999889e-01  8.46809351e-02  0.00000000e+00    6.008889
  3.500  2.74878182e-01  7.55580151e-02  0.00000000e+00    6.125000
  3.533  2.59137660e-01  6.71523270e-02  0.00000000e+00    6.242222
  3.567  2.43823987e-01  5.94501366e-02  0.00000000e+00    6.360556
  3.600  2.28976047e-01  5.24300299e-02  0.00000000e+00    6.480000
  3.633  2.14626251e-01  4.60644276e-02  0.00000000e+00    6.600556
  3.667  2.00800879e-01  4.03209930e-02  0.00000000e+00    6.722222
  3.700  1.87520441e-01  3.51639156e-02  0.00000000e+00    6.845000
  3.733  1.74800062e-01  3.05550617e-02  0.00000000e+00    6.968889
  3.767  1.62649881e-01  2.64549838e-02  0.00000000e+00    7.093889
  3.800  1.51075452e-01  2.28237921e-02  0.00000000e+00    7.220000
  3.833  1.40078150e-01  1.96218882e-02  0.00000000e+00    7.347222
  3.867  1.29655578e-01  1.68105688e-02  0.00000000e+00    7.475556
  3.900  1.19801958e-01  1.43525092e-02  0.00000000e+00    7.605000
  3.933  1.10508526e-01  1.22121344e-02  0.00000000e+00    7.735556
  3.967  1.01763901e-01  1.03558915e-02  0.00000000e+00    7.867222
  4.000  9.35544427e-02  8.75243375e-03  0.00000000e+00    8.000000
  4.033  8.58645976e-02  7.37272913e-03  0.00000000e+00    8.133889
  4.067  7.86772168e-02  6.19010444e-03  0.00000000e+00    8.268889
  4.100  7.19738584e-02  5.18023629e-03  0.00000000e+00    8.405000
  4.133  6.57350676e-02  4.32109911e-03  0.00000000e+00    8.542222
  4.167  5.99406344e-02  3.59287965e-03  0.00000000e+00    8.680556
  4.200  5.45698296e-02  2.97786630e-03  0.00000000e+00    8.820000
  4.233  4.96016189e-02  2.46032060e-03  0.00000000e+00    8.960556
  4.267  4.50148553e-02  2.02633719e-03  0.00000000e+00    9.102222
  4.300  4.07884497e-02  1.66369763e-03  0.00000000e+00    9.245000
  4.333  3.69015227e-02  1.36172238e-03  0.00000000e+00    9.388889
  4.367  3.33335352e-02  1.11112457e-03  0.00000000e+00    9.533889
  4.400  3.00644015e-02  9.03868237e-04  0.00000000e+00    9.680000
  4.433  2.70745847e-02  7.33033139e-04  0.00000000e+00    9.827222
  4.467  2.43451760e-02  5.92687592e-04  0.00000000e+00    9.975556
  4.500  2.18579581e-02  4.77770332e-04  0.00000000e+00   10.125000
  4.533  1.95954562e-02  3.83981905e-04  0.00000000e+00   10.275556
  4.567  1.75409751e-02  3.07685808e-04  0.00000000e+00   10.427222
  4.600  1.56786252e-02  2.45819287e-04  0.00000000e+00   10.580000
  4.633  1.39933383e-02  1.95813517e-04  0.00000000e+00   10.733889
  4.667  1.24708749e-02  1.55522721e-04  0.00000000e+00   10.888889
  4.700  1.10978222e-02  1.23161657e-04  0.00000000e+00   11.045000
  4.733  9.86158623e-03  9.72508831e-05  0.00000000e+00   11.202222
  4.767  8.75037777e-03  7.65691111e-05  0.00000000e+00   11.360556
  4.800  7.75319288e-03  6.01119999e-05  0.00000000e+00   11.520000
  4.833  6.85978968e-03  4.70567144e-05  0.00000000e+00   11.680556
  4.867  6.06066146e-03  3.67316173e-05  0.00000000e+00   11.842222
  4.900  5.34700728e-03  2.85904868e-05  0.00000000e+00   12.005000
  4.933  4.71070044e-03  2.21906987e-05  0.00000000e+00   12.168889
  4.967  4.14425559e-03  1.71748544e-05  0.00000000e+00   12.333889
  5.000  3.64079486e-03  1.32553872e-05  0.00000000e+00   12.500000
  5.033  3.19401357e-03  1.02017227e-05  0.00000000e+00   12.667222
  5.067  2.79814586e-03  7.82962027e-06  0.00000000e+00   12.835556
  5.100  2.44793062e-03  5.99236430e-06  0.00000000e+00   13.005000
  5.133  2.13857792e-03  4.57351550e-06  0.00000000e+00   13.175556
  5.167  1.86573636e-03  3.48097215e-06  0.00000000e+00   13.347222
  5.200  1.62546134e-03  2.64212456e-06  0.00000000e+00   13.520000
  5.233  1.41418454e-03  1.99991792e-06  0.00000000e+00   13.693889
  5.267  1.22868470e-03  1.50966610e-06  0.00000000e+00   13.868889
  5.300  1.06605973e-03  1.13648336e-06  0.00000000e+00   14.045000
  5.333  9.23700356e-04  8.53222347e-07  0.00000000e+00   14.222222
  5.367  7.99265147e-04  6.38824775e-07  0.00000000e+00   14.400556
  5.400  6.90657137e-04  4.77007280e-07  0.00000000e+00   14.580000
  5.433  5.96001873e-04  3.55218233e-07  0.00000000e+00   14.760556
  5.467  5.13626979e-04  2.63812673e-07  0.00000000e+00   14.942222
  5.500  4.42043147e-04  1.95402144e-07  0.00000000e+00   15.125000
  5.533  3.79926549e-04  1.44344182e-07  0.00000000e+00   15.308889
  5.567  3.26102589e-04  1.06342898e-07  0.00000000e+00   15.493889
  5.600  2.79530960e-04  7.81375576e-08  0.00000000e+00   15.680000
  5.633  2.39291935e-04  5.72606300e-08  0.00000000e+00   15.867222
  5.667  2.04573822e-04  4.18504486e-08  0.00000000e+00   16.055556
  5.700  1.74661527e-04  3.05066492e-08  0.00000000e+00   16.245000
  5.733  1.48926150e-04  2.21789980e-08  0.00000000e+00   16.435556
  5.767  1.26815538e-04  1.60821806e-08  0.00000000e+00   16.627222
  5.800  1.07845748e-04  1.16307054e-08  0.00000000e+00   16.820000
  5.833  9.15933348e-05  8.38933897e-09  0.00000000e+00   17.013889
  5.867  7.76884043e-05  6.03548817e-09  0.00000000e+00   17.208889
  5.900  6.58083790e-05  4.33074275e-09  0.00000000e+00   17.405000
  5.933  5.56724071e-05  3.09941691e-09  0.00000000e+00   17.602222
  5.967  4.70363641e-05  2.21241955e-09  0.00000000e+00   17.800556
  6.000  3.96883945e-05  1.57516866e-09  0.00000000e+00   18.000000
  6.033  3.34449414e-05  1.11856410e-09  0.00000000e+00   18.200556
  6.067  2.81472212e-05  7.92266058e-10  0.00000000e+00   18.402222
  6.100  2.36580980e-05  5.59705599e-10  0.00000000e+00   18.605000
  6.133  1.98593191e-05  3.94392554e-10  0.00000000e+00   18.808889
  6.167  1.66490747e-05  2.77191689e-10  0.00000000e+00   19.013889
  6.200  1.39398482e-05  1.94319369e-10  0.00000000e+00   19.220000
  6.233  1.16565260e-05  1.35874599e-10  0.00000000e+00   19.427222
  6.267  9.73473903e-06  9.47651441e-11  0.00000000e+00   19.635556
  6.300  8.11941032e-06  6.59248240e-11  0.00000000e+00   19.845000
  6.333  6.76348552e-06  4.57447363e-11  0.00000000e+00   20.055556
  6.367  5.62682515e-06  3.16611612e-11  0.00000000e+00   20.267222
  6.400  4.67524010e-06  2.18578700e-11  0.00000000e+00   20.480000
  6.433  3.87965326e-06  1.50517094e-11  0.00000000e+00   20.693889
  6.467  3.21537203e-06  1.03386173e-11  0.00000000e+00   20.908889
  6.500  2.66145843e-06  7.08336099e-12  0.00000000e+00   21.125000
  6.533  2.20018443e-06  4.84081153e-12  0.00000000e+00   21.342222
  6.567  1.81656196e-06  3.29989734e-12  0.00000000e+00   21.560556
  6.600  1.49793801e-06  2.24381828e-12  0.00000000e+00   21.780000
  6.633  1.23364648e-06  1.52188364e-12  0.00000000e+00   22.000556
  6.667  1.01470922e-06  1.02963481e-12  0.00000000e+00   22.222222
  6.700  8.33579878e-07  6.94855414e-13  0.00000000e+00   22.445000
  6.733  6.83924695e-07  4.67752988e-13  0.00000000e+00   22.668889
  6.767  5.60435323e-07  3.14087751e-13  0.00000000e+00   22.893889
  6.800  4.58669181e-07  2.10377417e-13  0.00000000e+00   23.120000
  6.833  3.74913556e-07  1.40560174e-13  0.00000000e+00   23.347222
  6.867  3.06070110e-07  9.36789122e-14  0.00000000e+00   23.575556
  6.900  2.49556878e-07  6.22786355e-14  0.00000000e+00   23.805000
  6.933  2.03225249e-07  4.13005016e-14  0.00000000e+00   24.035556
  6.967  1.65289745e-07  2.73206999e-14  0.00000000e+00   24.267222
  7.000  1.34268738e-07  1.80280941e-14  0.00000000e+00   24.500000
  7.033  1.08934456e-07  1.18667158e-14  0.00000000e+00   24.733889
  7.067  8.82709092e-08  7.79175342e-15  0.00000000e+00   24.968889
  7.100  7.14385266e-08  5.10346308e-15  0.00000000e+00   25.205000
  7.133  5.77444859e-08  3.33442565e-15  0.00000000e+00   25.442222
  7.167  4.66178526e-08  2.17322418e-15  0.00000000e+00   25.680556
  7.200  3.75887850e-08  1.41291676e-15  0.00000000e+00   25.920000
  7.233  3.02711657e-08  9.16343474e-16  0.00000000e+00   26.160556
  7.267  2.43481171e-08  5.92830806e-16  0.00000000e+00   26.402222
  7.300  1.95599407e-08  3.82591280e-16  0.00000000e+00   26.645000
  7.333  1.56940897e-08  2.46304450e-16  0.00000000e+00   26.888889
  7.367  1.25768444e-08  1.58177016e-16  0.00000000e+00   27.133889
  7.400  1.00664125e-08  1.01332661e-16  0.00000000e+00   27.380000
  7.433  8.04721748e-09  6.47577091e-17  0.00000000e+00   27.627222
  7.467  6.42517894e-09  4.12829245e-17  0.00000000e+00   27.875556
  7.500  5.12381782e-09  2.62535090e-17  0.00000000e+00   28.125000
  7.533  4.08104680e-09  1.66549430e-17  0.00000000e+00   28.375556
  7.567  3.24652976e-09  1.05399555e-17  0.00000000e+00   28.627222
  7.600  2.57951218e-09  6.65388309e-18  0.00000000e+00   28.880000
  7.633  2.04704137e-09  4.19037837e-18  0.00000000e+00   29.133889
  7.667  1.62250839e-09  2.63253346e-18  0.00000000e+00   29.388889
  7.700  1.28445537e-09  1.64982561e-18  0.00000000e+00   29.645000
  7.733  1.01560134e-09  1.03144609e-18  0.00000000e+00   29.902222
  7.767  8.02047563e-10  6.43280293e-19  0.00000000e+00   30.160556
  7.800  6.32630339e-10  4.00221146e-19  0.00000000e+00   30.420000
  7.833  4.98394639e-10  2.48397217e-19  0.00000000e+00   30.680556
  7.867  3.92166577e-10  1.53794624e-19  0.00000000e+00   30.942222
  7.900  3.08206695e-10  9.49913669e-20  0.00000000e+00   31.205000
  7.933  2.41929171e-10  5.85297236e-20  0.00000000e+00   31.468889
  7.967  1.89674731e-10  3.59765036e-20  0.00000000e+00   31.733889
  8.000  1.48527264e-10  2.20603481e-20  0.00000000e+00   32.000000
  8.033  1.16165919e-10  1.34945207e-20  0.00000000e+00   32.267222
  8.067  9.07460039e-11  8.23483723e-21  0.00000000e+00   32.535556
  8.100  7.08032002e-11  5.01309316e-21  0.00000000e+00   32.805000
  8.133  5.51766380e-11  3.04446138e-21  0.00000000e+00   33.075556
  8.167  4.29472058e-11  1.84446249e-21  0.00000000e+00   33.347222
  8.200  3.33881444e-11  1.11476819e-21  0.00000000e+00   33.620000
  8.233  2.59255332e-11  6.72133273e-22  0.00000000e+00   33.893889
  8.267  2.01067327e-11  4.04280700e-22  0.00000000e+00   34.168889
  8.300  1.55752149e-11  2.42587319e-22  0.00000000e+00   34.445000
  8.333  1.20505166e-11  1.45214952e-22  0.00000000e+00   34.722222
  8.367  9.31229439e-12  8.67188267e-23  0.00000000e+00   35.000556
  8.400  7.18765903e-12  5.16624423e-23  0.00000000e+00   35.280000
  8.433  5.54112954e-12  3.07041166e-23  0.00000000e+00   35.560556
  8.467  4.26667465e-12  1.82045125e-23  0.00000000e+00   35.842222
  8.500  3.28141724e-12  1.07676991e-23  0.00000000e+00   36.125000
  8.533  2.52066077e-12  6.35373070e-24  0.00000000e+00   36.408889
  8.567  1.93396529e-12  3.74022172e-24  0.00000000e+00   36.693889
  8.600  1.48205588e-12  2.19648962e-24  0.00000000e+00   36.980000
  8.633  1.13439006e-12  1.28684082e-24  0.00000000e+00   37.267222
  8.667  8.67246345e-13  7.52116223e-25  0.00000000e+00   37.555556
  8.700  6.62224226e-13  4.38540926e-25  0.00000000e+00   37.845000
  8.733  5.05068708e-13  2.55094400e-25  0.00000000e+00   38.135556
  8.767  3.84750292e-13  1.48032787e-25  0.00000000e+00   38.427222
  8.800  2.92745907e-13  8.57001660e-26  0.00000000e+00   38.720000
  8.833  2.22477637e-13  4.94962989e-26  0.00000000e+00   39.013889
  8.867  1.68875181e-13  2.85188267e-26  0.00000000e+00   39.308889
  8.900  1.28035232e-13  1.63930207e-26  0.00000000e+00   39.605000
  8.933  9.69566572e-14  9.40059337e-27  0.00000000e+00   39.902222
  8.967  7.33348671e-14  5.37800274e-27  0.00000000e+00   40.200556
  9.000  5.54023750e-14  3.06942316e-27  0.00000000e+00   40.500000
  9.033  4.18053161e-14  1.74768445e-27  0.00000000e+00   40.800556
  9.067  3.15079501e-14  9.92750921e-28  0.00000000e+00   41.102222
  9.100  2.37189002e-14  5.62586224e-28  0.00000000e+00   41.405000
  9.133  1.78342541e-14  3.18060618e-28  0.00000000e+00   41.708889
  9.167  1.33937318e-14  1.79392051e-28  0.00000000e+00   42.013889
  9.200  1.00469611e-14  1.00941428e-28  0.00000000e+00   42.320000
  9.233  7.52756555e-15  5.66642431e-29  0.00000000e+00   42.627222
  9.267  5.63327913e-15  3.17338338e-29  0.00000000e+00   42.935556
  9.300  4.21070748e-15  1.77300575e-29  0.00000000e+00   43.245000
  9.333  3.14366361e-15  9.88262088e-30  0.00000000e+00   43.555556
  9.367  2.34425197e-15  5.49551728e-30  0.00000000e+00   43.867222
  9.400  1.74606176e-15  3.04873166e-30  0.00000000e+00   44.180000
  9.433  1.29897732e-15  1.68734209e-30  0.00000000e+00   44.493889
  9.467  9.65226469e-16  9.31662136e-31  0.00000000e+00   44.808889
  9.500  7.16375297e-16  5.13193566e-31  0.00000000e+00   45.125000
  9.533  5.31045753e-16  2.82009592e-31  0.00000000e+00   45.442222
  9.567  3.93184288e-16  1.54593884e-31  0.00000000e+00   45.760556
  9.600  2.90750220e-16  8.45356902e-32  0.00000000e+00   46.080000
  9.633  2.14723288e-16  4.61060906e-32  0.00000000e+00   46.400556
  9.667  1.58353642e-16  2.50758758e-32  0.00000000e+00   46.722222
  9.700  1.16595689e-16  1.35945547e-32  0.00000000e+00   47.045000
  9.733  8.56812064e-17  7.34126912e-33  0.00000000e+00   47.368889
  9.767  6.27977258e-17  3.94355436e-33  0.00000000e+00   47.693889
  9.800  4.58463866e-17  2.10189116e-33  0.00000000e+00   48.020000
  9.833  3.32596108e-17  1.10620171e-33  0.00000000e+00   48.347222
  9.867  2.38636745e-17  5.69474960e-34  0.00000000e+00   48.675556
  9.900  1.67748015e-17  2.81393965e-34  0.00000000e+00   49.005000
  9.933  1.13200814e-17  1.28144243e-34  0.00000000e+00   49.335556
  9.967  6.97649840e-18  4.86715299e-35  0.00000000e+00   49.667222
 10.000  3.32280649e-18  1.10410430e-35  0.00000000e+00   50.000000
