-10.000  5.40533874e-19  2.92176869e-37  0.00000000e+00   50.000000
 -9.967  1.13611554e-18  1.29075851e-36  0.00000000e+00   49.667222
 -9.933  1.84661200e-18  3.40997588e-36  0.00000000e+00   49.335556
 -9.900  2.74253632e-18  7.52150544e-36  0.00000000e+00   49.005000
 -9.867  3.91182480e-18  1.53023733e-35  0.00000000e+00   48.675556
 -9.833  5.46812976e-18  2.99004431e-35  0.00000000e+00   48.347222
 -9.800  7.56137934e-18  5.71744575e-35  0.00000000e+00   48.020000
 -9.767  1.03915410e-17  1.07984124e-34  0.00000000e+00   47.693889
 -9.733  1.42267893e-17  2.02401533e-34  0.00000000e+00   47.368889
 -9.700  1.94276423e-17  3.77433286e-34  0.00000000e+00   47.045000
 -9.667  2.64791219e-17  7.01143895e-34  0.00000000e+00   46.722222
 -9.633  3.60336479e-17  1.29842378e-33  0.00000000e+00   46.400556
 -9.600  4.89682486e-17  2.39788937e-33  0.00000000e+00   46.080000
 -9.567  6.64608188e-17  4.41704043e-33  0.00000000e+00   45.760556
 -9.533  9.00916763e-17  8.11651014e-33  0.00000000e+00   45.442222
 -9.500  1.21978668e-16  1.48787954e-32  0.00000000e+00   45.125000
 -9.467  1.64956696e-16  2.72107116e-32  0.00000000e+00   44.808889
 -9.433  2.22815995e-16  4.96469677e-32  0.00000000e+00   44.493889
 -9.400  3.00617981e-16  9.03711708e-32  0.00000000e+00   44.180000
 -9.367  4.05113424e-16  1.64116886e-31  0.00000000e+00   43.867222
 -9.333  5.45295387e-16  2.97347059e-31  0.00000000e+00   43.555556
 -9.300  7.33129461e-16  5.37478807e-31  0.00000000e+00   43.245000
 -9.267  9.84516912e-16  9.69273550e-31  0.00000000e+00   42.935556
 -9.233  1.32056344e-15  1.74388779e-30  0.00000000e+00   42.627222
 -9.200  1.76924839e-15  3.13023985e-30  0.00000000e+00   42.320000
 -9.167  2.36761808e-15  5.60561536e-30  0.00000000e+00   42.013889
 -9.133  3.16466408e-15  1.00150987e-29  0.00000000e+00   41.708889
 -9.100  4.22509561e-15  1.78514329e-29  0.00000000e+00   41.405000
 -9.067  5.63427750e-15  3.17450830e-29  0.00000000e+00   41.102222
 -9.033  7.50468566e-15  5.63203068e-29  0.00000000e+00   40.800556
 -9.000  9.98433553e-15  9.96869560e-29  0.00000000e+00   40.500000
 -8.967  1.32677727e-14  1.76033792e-28  0.00000000e+00   40.200556
 -8.933  1.76103859e-14  3.10125690e-28  0.00000000e+00   39.902222
 -8.900  2.33470233e-14  5.45083496e-28  0.00000000e+00   39.605000
 -8.867  3.09161747e-14  9.55809857e-28  0.00000000e+00   39.308889
 -8.833  4.08913430e-14  1.67210193e-27  0.00000000e+00   39.013889
 -8.800  5.40216910e-14  2.91834310e-27  0.00000000e+00   38.720000
 -8.767  7.12846368e-14  5.08149944e-27  0.00000000e+00   38.427222
 -8.733  9.39538240e-14  8.82732105e-27  0.00000000e+00   38.135556
 -8.700  1.23686847e-13  1.52984361e-26  0.00000000e+00   37.845000
 -8.667  1.62638325e-13  2.64512249e-26  0.00000000e+00   37.555556
 -8.633  2.13605468e-13  4.56272960e-26  0.00000000e+00   37.267222
 -8.600  2.80215214e-13  7.85205660e-26  0.00000000e+00   36.980000
 -8.567  3.67164514e-13  1.34809780e-25  0.00000000e+00   36.693889
 -8.533  4.80528450e-13  2.30907591e-25  0.00000000e+00   36.408889
 -8.500  6.28154813e-13  3.94578469e-25  0.00000000e+00   36.125000
 -8.467  8.20168761e-13  6.72676796e-25  0.00000000e+00   35.842222
 -8.433  1.06961741e-12  1.14408140e-24  0.00000000e+00   35.560556
 -8.400  1.39329207e-12  1.94126279e-24  0.00000000e+00   35.280000
 -8.367  1.81277576e-12  3.28615597e-24  0.00000000e+00   35.000556
 -8.333  2.35577592e-12  5.54968018e-24  0.00000000e+00   34.722222
 -8.300  3.05781769e-12  9.35024900e-24  0.00000000e+00   34.445000
 -8.267  3.96439264e-12  1.57164090e-23  0.00000000e+00   34.168889
 -8.233  5.13368171e-12  2.63546879e-23  0.00000000e+00   33.893889
 -8.200  6.64000121e-12  4.40896161e-23  0.00000000e+00   33.620000
 -8.167  8.57815827e-12  7.35847993e-23  0.00000000e+00   33.347222
 -8.133  1.10689483e-11  1.22521616e-22  0.00000000e+00   33.075556
 -8.100  1.42660847e-11  2.03521172e-22  0.00000000e+00   32.805000
 -8.067  1.83649223e-11  3.37270370e-22  0.00000000e+00   32.535556
 -8.033  2.36134242e-11  5.57593803e-22  0.00000000e+00   32.267222
 -8.000  3.03259307e-11  9.19662071e-22  0.00000000e+00   32.000000
 -7.967  3.89004219e-11  1.51324283e-21  0.00000000e+00   31.733889
 -7.933  4.98401338e-11  2.48403894e-21  0.00000000e+00   31.468889
 -7.900  6.37805860e-11  4.06796315e-21  0.00000000e+00   31.205000
 -7.867  8.15233330e-11  6.64605383e-21  0.00000000e+00   30.942222
 -7.833  1.04078054e-10  1.08322413e-20  0.00000000e+00   30.680556
 -7.800  1.32714966e-10  1.76132623e-20  0.00000000e+00   30.420000
 -7.767  1.69030015e-10  2.85711460e-20  0.00000000e+00   30.160556
 -7.733  2.15025830e-10  4.62361075e-20  0.00000000e+00   29.902222
 -7.700  2.73212135e-10  7.46448707e-20  0.00000000e+00   29.645000
 -7.667  3.46730113e-10  1.20221772e-19  0.00000000e+00   29.388889
 -7.633  4.39506225e-10  1.93165721e-19  0.00000000e+00   29.133889
 -7.600  5.56442194e-10  3.09627915e-19  0.00000000e+00   28.880000
 -7.567  7.03649353e-10  4.95122412e-19  0.00000000e+00   28.627222
 -7.533  8.88737282e-10  7.89853956e-19  0.00000000e+00   28.375556
 -7.500  1.12116884e-09  1.25701958e-18  0.00000000e+00   28.125000
 -7.467  1.41269628e-09  1.99571078e-18  0.00000000e+00   27.875556
 -7.433  1.77789611e-09  3.16091459e-18  0.00000000e+00   27.627222
 -7.400  2.23482432e-09  4.99443973e-18  0.00000000e+00   27.380000
 -7.367  2.80581771e-09  7.87261303e-18  0.00000000e+00   27.133889
 -7.333  3.51847276e-09  1.23796506e-17  0.00000000e+00   26.888889
 -7.300  4.40683944e-09  1.94202338e-17  0.00000000e+00   26.645000
 -7.267  5.51287523e-09  3.03917933e-17  0.00000000e+00   26.402222
 -7.233  6.88821358e-09  4.74474863e-17  0.00000000e+00   26.160556
 -7.200  8.59631158e-09  7.38965728e-17  0.00000000e+00   25.920000
 -7.167  1.07150545e-08  1.14812394e-16  0.00000000e+00   25.680556
 -7.133  1.33399100e-08  1.77953200e-16  0.00000000e+00   25.442222
 -7.100  1.65877420e-08  2.75153183e-16  0.00000000e+00   25.205000
 -7.067  2.06014158e-08  4.24418333e-16  0.00000000e+00   24.968889
 -7.033  2.55553513e-08  6.53075981e-16  0.00000000e+00   24.733889
 -7.000  3.16622076e-08  1.00249539e-15  0.00000000e+00   24.500000
 -6.967  3.91809197e-08  1.53514446e-15  0.00000000e+00   24.267222
 -6.933  4.84263459e-08  2.34511098e-15  0.00000000e+00   24.035556
 -6.900  5.97808314e-08  3.57374780e-15  0.00000000e+00   23.805000
 -6.867  7.37080471e-08  5.43287621e-15  0.00000000e+00   23.575556
 -6.833  9.07695289e-08  8.23910738e-15  0.00000000e+00   23.347222
 -6.800  1.11644413e-07  1.24644749e-14  0.00000000e+00   23.120000
 -6.767  1.37152947e-07  1.88109308e-14  0.00000000e+00   22.893889
 -6.733  1.68284464e-07  2.83196610e-14  0.00000000e+00   22.668889
 -6.700  2.06230610e-07  4.25310646e-14  0.00000000e+00   22.445000
 -6.667  2.52424745e-07  6.37182518e-14  0.00000000e+00   22.222222
 -6.633  3.08588609e-07  9.52269294e-14  0.00000000e+00   22.000556
 -6.600  3.76787494e-07  1.41968816e-13  0.00000000e+00   21.780000
 -6.567  4.59495375e-07  2.11135999e-13  0.00000000e+00   21.560556
 -6.533  5.59671669e-07  3.13232378e-13  0.00000000e+00   21.342222
 -6.500  6.80851578e-07  4.63558871e-13  0.00000000e+00   21.125000
 -6.467  8.27252215e-07  6.84346228e-13  0.00000000e+00   20.908889
 -6.433  1.00389711e-06  1.00780941e-12  0.00000000e+00   20.693889
 -6.400  1.21676202e-06  1.48050981e-12  0.00000000e+00   20.480000
 -6.367  1.47294540e-06  2.16956816e-12  0.00000000e+00   20.267222
 -6.333  1.78086743e-06  3.17148882e-12  0.00000000e+00   20.055556
 -6.300  2.15050195e-06  4.62465864e-12  0.00000000e+00   19.845000
 -6.267  2.59364629e-06  6.72700109e-12  0.00000000e+00   19.635556
 -6.233  3.12423475e-06  9.76084275e-12  0.00000000e+00   19.427222
 -6.200  3.75870202e-06  1.41278409e-11  0.00000000e+00   19.220000
 -6.167  4.51640401e-06  2.03979051e-11  0.00000000e+00   19.013889
 -6.133  5.42010402e-06  2.93775275e-11  0.00000000e+00   18.808889
 -6.100  6.49653375e-06  4.22049507e-11  0.00000000e+00   18.605000
 -6.067  7.77703931e-06  6.04823404e-11  0.00000000e+00   18.402222
 -6.033  9.29832387e-06  8.64588267e-11  0.00000000e+00   18.200556
 -6.000  1.11032999e-05  1.23283269e-10  0.00000000e+00   18.000000
 -5.967  1.32420656e-05  1.75352301e-10  0.00000000e+00   17.800556
 -5.933  1.57730208e-05  2.48788185e-10  0.00000000e+00   17.602222
 -5.900  1.87641414e-05  3.52093004e-10  0.00000000e+00   17.405000
 -5.867  2.22944307e-05  4.97041639e-10  0.00000000e+00   17.208889
 -5.833  2.64555692e-05  6.99897142e-10  0.00000000e+00   17.013889
 -5.800  3.13537883e-05  9.83060040e-10  0.00000000e+00   16.820000
 -5.767  3.71119911e-05  1.37729988e-09  0.00000000e+00   16.627222
 -5.733  4.38721510e-05  1.92476564e-09  0.00000000e+00   16.435556
 -5.700  5.17980175e-05  2.68303462e-09  0.00000000e+00   16.245000
 -5.667  6.10781625e-05  3.73054194e-09  0.00000000e+00   16.055556
 -5.633  7.19294043e-05  5.17383921e-09  0.00000000e+00   15.867222
 -5.600  8.46006457e-05  7.15726926e-09  0.00000000e+00   15.680000
 -5.567  9.93771697e-05  9.87582186e-09  0.00000000e+00   15.493889
 -5.533  1.16585435e-04  1.35921637e-08  0.00000000e+00   15.308889
 -5.500  1.36598419e-04  1.86591282e-08  0.00000000e+00   15.125000
 -5.467  1.59841558e-04  2.55493237e-08  0.00000000e+00   14.942222
 -5.433  1.86799331e-04  3.48939900e-08  0.00000000e+00   14.760556
 -5.400  2.18022549e-04  4.75338319e-08  0.00000000e+00   14.580000
 -5.367  2.54136400e-04  6.45853096e-08  0.00000000e+00   14.400556
 -5.333  2.95849302e-04  8.75268095e-08  0.00000000e+00   14.222222
 -5.300  3.43962635e-04  1.18310294e-07  0.00000000e+00   14.045000
 -5.267  3.99381390e-04  1.59505495e-07  0.00000000e+00   13.868889
 -5.233  4.63125816e-04  2.14485522e-07  0.00000000e+00   13.693889
 -5.200  5.36344100e-04  2.87664993e-07  0.00000000e+00   13.520000
 -5.167  6.20326141e-04  3.84804522e-07  0.00000000e+00   13.347222
 -5.133  7.16518482e-04  5.13398735e-07  0.00000000e+00   13.175556
 -5.100  8.26540415e-04  6.83169057e-07  0.00000000e+00   13.005000
 -5.067  9.52201336e-04  9.06687384e-07  0.00000000e+00   12.835556
 -5.033  1.09551935e-03  1.20016264e-06  0.00000000e+00   12.667222
 -5.000  1.25874115e-03  1.58442929e-06  0.00000000e+00   12.500000
 -4.967  1.44436324e-03  2.08618517e-06  0.00000000e+00   12.333889
 -4.933  1.65515438e-03  2.73953601e-06  0.00000000e+00   12.168889
 -4.900  1.89417934e-03  3.58791535e-06  0.00000000e+00   12.005000
 -4.867  2.16482390e-03  4.68646250e-06  0.00000000e+00   11.842222
 -4.833  2.47082100e-03  6.10495640e-06  0.00000000e+00   11.680556
 -4.800  2.81627799e-03  7.93142171e-06  0.00000000e+00   11.520000
 -4.767  3.20570486e-03  1.02765436e-05  0.00000000e+00   11.360556
 -4.733  3.64404328e-03  1.32790514e-05  0.00000000e+00   11.202222
 -4.700  4.13669638e-03  1.71122569e-05  0.00000000e+00   11.045000
 -4.667  4.68955888e-03  2.19919625e-05  0.00000000e+00   10.888889
 -4.633  5.30904751e-03  2.81859855e-05  0.00000000e+00   10.733889
 -4.600  6.00213129e-03  3.60255801e-05  0.00000000e+00   10.580000
 -4.567  6.77636141e-03  4.59190740e-05  0.00000000e+00   10.427222
 -4.533  7.63990027e-03  5.83680761e-05  0.00000000e+00   10.275556
 -4.500  8.60154929e-03  7.39866502e-05  0.00000000e+00   10.125000
 -4.467  9.67077501e-03  9.35238893e-05  0.00000000e+00    9.975556
 -4.433  1.08577328e-02  1.17890362e-04  0.00000000e+00    9.827222
 -4.400  1.21732879e-02  1.48188939e-04  0.00000000e+00    9.680000
 -4.367  1.36290327e-02  1.85750532e-04  0.00000000e+00    9.533889
 -4.333  1.52372998e-02  2.32175304e-04  0.00000000e+00    9.388889
 -4.300  1.70111703e-02  2.89379915e-04  0.00000000e+00    9.245000
 -4.267  1.89644763e-02  3.59651360e-04  0.00000000e+00    9.102222
 -4.233  2.11117960e-02  4.45707931e-04  0.00000000e+00    8.960556
 -4.200  2.34684425e-02  5.50767793e-04  0.00000000e+00    8.820000
 -4.167  2.60504429e-02  6.78625573e-04  0.00000000e+00    8.680556
 -4.133  2.88745085e-02  8.33737240e-04  0.00000000e+00    8.542222
 -4.100  3.19579947e-02  1.02131343e-03  0.00000000e+00    8.405000
 -4.067  3.53188490e-02  1.24742110e-03  0.00000000e+00    8.268889
 -4.033  3.89755468e-02  1.51909325e-03  0.00000000e+00    8.133889
 -4.000  4.29470136e-02  1.84444598e-03  0.00000000e+00    8.000000
 -3.967  4.72525333e-02  2.23280190e-03  0.00000000e+00    7.867222
 -3.933  5.19116405e-02  2.69481842e-03  0.00000000e+00    7.735556
 -3.900  5.69439972e-02  3.24261881e-03  0.00000000e+00    7.605000
 -3.867  6.23692527e-02  3.88992368e-03  0.00000000e+00    7.475556
 -3.833  6.82068858e-02  4.65217927e-03  0.00000000e+00    7.347222
 -3.800  7.44760292e-02  5.54667892e-03  0.00000000e+00    7.220000
 -3.767  8.11952753e-02  6.59267273e-03  0.00000000e+00    7.093889
 -3.733  8.83824642e-02  7.81145998e-03  0.00000000e+00    6.968889
 -3.700  9.60544529e-02  9.22645792e-03  0.00000000e+00    6.845000
 -3.667  1.04226866e-01  1.08632396e-02  0.00000000e+00    6.722222
 -3.633  1.12913830e-01  1.27495331e-02  0.00000000e+00    6.600556
 -3.600  1.22127691e-01  1.49151728e-02  0.00000000e+00    6.480000
 -3.567  1.31878712e-01  1.73919947e-02  0.00000000e+00    6.360556
 -3.533  1.42174767e-01  2.02136643e-02  0.00000000e+00    6.242222
 -3.500  1.53021010e-01  2.34154296e-02  0.00000000e+00    6.125000
 -3.467  1.64419545e-01  2.70337868e-02  0.00000000e+00    6.008889
 -3.433  1.76369079e-01  3.11060520e-02  0.00000000e+00    5.893889
 -3.400  1.88864579e-01  3.56698290e-02  0.00000000e+00    5.780000
 -3.367  2.01896921e-01  4.07623668e-02  0.00000000e+00    5.667222
 -3.333  2.15452549e-01  4.64198010e-02  0.00000000e+00    5.555556
 -3.300  2.29513132e-01  5.26762779e-02  0.00000000e+00    5.445000
 -3.267  2.44055239e-01  5.95629597e-02  0.00000000e+00    5.335556
 -3.233  2.59050027e-01  6.71069165e-02  0.00000000e+00    5.227222
 -3.200  2.74462952e-01  7.53299121e-02  0.00000000e+00    5.120000
 -3.167  2.90253507e-01  8.42470982e-02  0.00000000e+00    5.013889
 -3.133  3.06374988e-01  9.38656330e-02  0.00000000e+00    4.908889
 -3.100  3.22774305e-01  1.04183252e-01  0.00000000e+00    4.805000
 -3.067  3.39391835e-01  1.15186818e-01  0.00000000e+00    4.702222
 -3.033  3.56161321e-01  1.26850887e-01  0.00000000e+00    4.600556
 -3.000  3.73010390e-01  1.39136751e-01  1.31250840e+01    4.500000
 -2.967  3.89858907e-01  1.51989967e-01  9.58575095e-02    4.400556
 -2.933  4.06620732e-01  1.65340420e-01  6.79725271e-02    4.302222
 -2.900  4.23203326e-01  1.79101055e-01  5.56561389e-02    4.205000
 -2.867  4.39507995e-01  1.93167278e-01  4.83364738e-02    4.108889
 -2.833  4.55430215e-01  2.07416681e-01  4.33568621e-02    4.013889
 -2.800  4.70860042e-01  2.21709179e-01  3.96928245e-02    3.920000
 -2.767  4.85682617e-01  2.35887604e-01  3.68544943e-02    3.827222
 -2.733  4.99778756e-01  2.49778805e-01  3.45743095e-02    3.735556
 -2.700  5.13025645e-01  2.63195312e-01  3.26921575e-02    3.645000
 -2.667  5.25297613e-01  2.75937582e-01  3.11055983e-02    3.555556
 -2.633  5.36467014e-01  2.87796857e-01  2.97456477e-02    3.467222
 -2.600  5.46405186e-01  2.98558627e-01  2.85639292e-02    3.380000
 -2.567  5.54983506e-01  3.08006692e-01  2.75253831e-02    3.293889
 -2.533  5.62074526e-01  3.15927773e-01  2.66038987e-02    3.208889
 -2.500  5.67553175e-01  3.22116606e-01  2.57795778e-02    3.125000
 -2.467  5.71298043e-01  3.26381454e-01  2.50369565e-02    3.042222
 -2.433  5.73192711e-01  3.28549885e-01  2.43638114e-02    2.960556
 -2.400  5.73127137e-01  3.28474715e-01  2.37503366e-02    2.880000
 -2.367  5.70999068e-01  3.26039935e-01  2.31885623e-02    2.800556
 -2.333  5.66715478e-01  3.21166433e-01  2.26719358e-02    2.722222
 -2.300  5.60194014e-01  3.13817333e-01  2.21950133e-02    2.645000
 -2.267  5.51364425e-01  3.04002730e-01  2.17532304e-02    2.568889
 -2.233  5.40169967e-01  2.91783593e-01  2.13427276e-02    2.493889
 -2.200  5.26568758e-01  2.77274657e-01  2.09602166e-02    2.420000
 -2.167  5.10535073e-01  2.60646061e-01  2.06028761e-02    2.347222
 -2.133  4.92060547e-01  2.42123582e-01  2.02682703e-02    2.275556
 -2.100  4.71155277e-01  2.21987295e-01  1.99542836e-02    2.205000
 -2.067  4.47848800e-01  2.00568547e-01  1.96590688e-02    2.135556
 -2.033  4.22190922e-01  1.78245175e-01  1.93810050e-02    2.067222
 -2.000  3.94252389e-01  1.55434946e-01  1.91186632e-02    2.000000
 -1.967  3.64125372e-01  1.32587286e-01  1.88707782e-02    1.933889
 -1.933  3.31923753e-01  1.10173378e-01  1.86362254e-02    1.868889
 -1.900  2.97783206e-01  8.86748378e-02  1.84140015e-02    1.805000
 -1.867  2.61861037e-01  6.85712026e-02  1.82032082e-02    1.742222
 -1.833  2.24335795e-01  5.03265490e-02  1.80030384e-02    1.680556
 -1.800  1.85406635e-01  3.43756202e-02  1.78127652e-02    1.620000
 -1.767  1.45292418e-01  2.11098867e-02  1.76317316e-02    1.560556
 -1.733  1.04230566e-01  1.08640108e-02  1.74593425e-02    1.502222
 -1.700  6.24756487e-02  3.90320668e-03  1.72950572e-02    1.445000
 -1.667  2.02977238e-02  4.11997590e-04  1.71383835e-02    1.388889
 -1.633 -2.20195776e-02  4.84861799e-04  1.69888721e-02    1.333889
 -1.600 -6.41811974e-02  4.11922610e-03  1.68461124e-02    1.280000
 -1.567 -1.05883023e-01  1.12112146e-02  1.67097278e-02    1.227222
 -1.533 -1.46814467e-01  2.15544878e-02  1.65793729e-02    1.175556
 -1.500 -1.86661228e-01  3.48424141e-02  1.64547299e-02    1.125000
 -1.467 -2.25108216e-01  5.06737089e-02  1.63355059e-02    1.075556
 -1.433 -2.61842607e-01  6.85615508e-02  1.62214308e-02    1.027222
 -1.400 -2.96557002e-01  8.79460552e-02  1.61122551e-02    0.980000
 -1.367 -3.28952650e-01  1.08209846e-01  1.60077476e-02    0.933889
 -1.333 -3.58742710e-01  1.28696332e-01  1.59076945e-02    0.888889
 -1.300 -3.85655498e-01  1.48730163e-01  1.58118972e-02    0.845000
 -1.267 -4.09437692e-01  1.67639224e-01  1.57201712e-02    0.802222
 -1.233 -4.29857456e-01  1.84777433e-01  1.56323452e-02    0.760556
 -1.200 -4.46707430e-01  1.99547528e-01  1.55482596e-02    0.720000
 -1.167 -4.59807550e-01  2.11422983e-01  1.54677658e-02    0.680556
 -1.133 -4.69007669e-01  2.19968194e-01  1.53907252e-02    0.642222
 -1.100 -4.74189922e-01  2.24856082e-01  1.53170087e-02    0.605000
 -1.067 -4.75270804e-01  2.25882337e-01  1.52464957e-02    0.568889
 -1.033 -4.72202940e-01  2.22975616e-01  1.51790733e-02    0.533889
 -1.000 -4.64976488e-01  2.16203134e-01  1.51146364e-02    0.500000
 -0.967 -4.53620176e-01  2.05771264e-01  1.50530864e-02    0.467222
 -0.933 -4.38201923e-01  1.92020925e-01  1.49943315e-02    0.435556
 -0.900 -4.18829049e-01  1.75417773e-01  1.49382854e-02    0.405000
 -0.867 -3.95648036e-01  1.56537369e-01  1.48848677e-02    0.375556
 -0.833 -3.68843849e-01  1.36045785e-01  1.48340030e-02    0.347222
 -0.800 -3.38638805e-01  1.14676240e-01  1.47856210e-02    0.320000
 -0.767 -3.05290994e-01  9.32025913e-02  1.47396558e-02    0.293889
 -0.733 -2.69092264e-01  7.24106466e-02  1.46960459e-02    0.268889
 -0.700 -2.30365774e-01  5.30683898e-02  1.46547338e-02    0.245000
 -0.667 -1.89463150e-01  3.58962854e-02  1.46156659e-02    0.222222
 -0.633 -1.46761264e-01  2.15388685e-02  1.45787923e-02    0.200556
 -0.600 -1.02658655e-01  1.05387995e-02  1.45440663e-02    0.180000
 -0.567 -5.75716617e-02  3.31449623e-03  1.45114448e-02    0.160556
 -0.533 -1.19302664e-02  1.42331257e-04  1.44808876e-02    0.142222
 -0.500  3.38262648e-02  1.14421619e-03  1.44523575e-02    0.125000
 -0.467  7.92539212e-02  6.28118402e-03  1.44258201e-02    0.108889
 -0.433  1.23908600e-01  1.53533412e-02  1.44012438e-02    0.093889
 -0.400  1.67350823e-01  2.80062980e-02  1.43785997e-02    0.080000
 -0.367  2.09150456e-01  4.37439131e-02  1.43578611e-02    0.067222
 -0.333  2.48891373e-01  6.19469154e-02  1.43390040e-02    0.055556
 -0.300  2.86176015e-01  8.18967113e-02  1.43220068e-02    0.045000
 -0.267  3.20629772e-01  1.02803451e-01  1.43068498e-02    0.035556
 -0.233  3.51905146e-01  1.23837232e-01  1.42935159e-02    0.027222
 -0.200  3.79685635e-01  1.44161182e-01  1.42819899e-02    0.020000
 -0.167  4.03689285e-01  1.62965039e-01  1.42722590e-02    0.013889
 -0.133  4.23671875e-01  1.79497858e-01  1.42643120e-02    0.008889
 -0.100  4.39429681e-01  1.93098445e-01  1.42581403e-02    0.005000
 -0.067  4.50801792e-01  2.03222256e-01  1.42537368e-02    0.002222
 -0.033  4.57671940e-01  2.09463605e-01  1.42510966e-02    0.000556
  0.000  4.59969830e-01  2.11572244e-01  1.42502169e-02    0.000000
  0.033  4.57671940e-01  2.09463605e-01  1.42510966e-02    0.000556
  0.067  4.50801792e-01  2.03222256e-01  1.42537368e-02    0.002222
  0.100  4.39429681e-01  1.93098445e-01  1.42581403e-02    0.005000
  0.133  4.23671875e-01  1.79497858e-01  1.42643120e-02    0.008889
  0.167  4.03689285e-01  1.62965039e-01  1.42722590e-02    0.013889
  0.200  3.79685635e-01  1.44161182e-01  1.42819899e-02    0.020000
  0.233  3.51905146e-01  1.23837232e-01  1.42935159e-02    0.027222
  0.267  3.20629772e-01  1.02803451e-01  1.43068498e-02    0.035556
  0.300  2.86176015e-01  8.18967113e-02  1.43220068e-02    0.045000
  0.333  2.48891373e-01  6.19469154e-02  1.43390040e-02    0.055556
  0.367  2.09150456e-01  4.37439131e-02  1.43578611e-02    0.067222
  0.400  1.67350823e-01  2.80062980e-02  1.43785997e-02    0.080000
  0.433  1.23908600e-01  1.53533412e-02  1.44012438e-02    0.093889
  0.467  7.92539212e-02  6.28118402e-03  1.44258201e-02    0.108889
  0.500  3.38262648e-02  1.14421619e-03  1.44523575e-02    0.125000
  0.533 -1.19302664e-02  1.42331257e-04  1.44808876e-02    0.142222
  0.567 -5.75716617e-02  3.31449623e-03  1.45114448e-02    0.160556
  0.600 -1.02658655e-01  1.05387995e-02  1.45440663e-02    0.180000
  0.633 -1.46761264e-01  2.15388685e-02  1.45787923e-02    0.200556
  0.667 -1.89463150e-01  3.58962854e-02  1.46156659e-02    0.222222
  0.700 -2.30365774e-01  5.30683898e-02  1.46547338e-02    0.245000
  0.733 -2.69092264e-01  7.24106466e-02  1.46960459e-02    0.268889
  0.767 -3.05290994e-01  9.32025913e-02  1.47396558e-02    0.293889
  0.800 -3.38638805e-01  1.14676240e-01  1.47856210e-02    0.320000
  0.833 -3.68843849e-01  1.36045785e-01  1.48340030e-02    0.347222
  0.867 -3.95648036e-01  1.56537369e-01  1.48848677e-02    0.375556
  0.900 -4.18829049e-01  1.75417773e-01  1.49382854e-02    0.405000
  0.933 -4.38201923e-01  1.92020925e-01  1.49943315e-02    0.435556
  0.967 -4.53620176e-01  2.05771264e-01  1.50530864e-02    0.467222
  1.000 -4.64976488e-01  2.16203134e-01  1.51146364e-02    0.500000
  1.033 -4.72202940e-01  2.22975616e-01  1.51790733e-02    0.533889
  1.067 -4.75270804e-01  2.25882337e-01  1.52464957e-02    0.568889
  1.100 -4.74189922e-01  2.24856082e-01  1.53170087e-02    0.605000
  1.133 -4.69007669e-01  2.19968194e-01  1.53907252e-02    0.642222
  1.167 -4.59807550e-01  2.11422983e-01  1.54677658e-02    0.680556
  1.200 -4.46707430e-01  1.99547528e-01  1.55482596e-02    0.720000
  1.233 -4.29857456e-01  1.84777433e-01  1.56323452e-02    0.760556
  1.267 -4.09437692e-01  1.67639224e-01  1.57201712e-02    0.802222
  1.300 -3.85655498e-01  1.48730163e-01  1.58118972e-02    0.845000
  1.333 -3.58742710e-01  1.28696332e-01  1.59076945e-02    0.888889
  1.367 -3.28952650e-01  1.08209846e-01  1.60077476e-02    0.933889
  1.400 -2.96557002e-01  8.79460552e-02  1.61122551e-02    0.980000
  1.433 -2.61842607e-01  6.85615508e-02  1.62214308e-02    1.027222
  1.467 -2.25108216e-01  5.06737089e-02  1.63355059e-02    1.075556
  1.500 -1.86661228e-01  3.48424141e-02  1.64547299e-02    1.125000
  1.533 -1.46814467e-01  2.15544878e-02  1.65793729e-02    1.175556
  1.567 -1.05883023e-01  1.12112146e-02  1.67097278e-02    1.227222
  1.600 -6.41811974e-02  4.11922610e-03  1.68461124e-02    1.280000
  1.633 -2.20195776e-02  4.84861799e-04  1.69888721e-02    1.333889
  1.667  2.02977238e-02  4.11997590e-04  1.71383835e-02    1.388889
  1.700  6.24756487e-02  3.90320668e-03  1.72950572e-02    1.445000
  1.733  1.04230566e-01  1.08640108e-02  1.74593425e-02    1.502222
  1.767  1.45292418e-01  2.11098867e-02  1.76317316e-02    1.560556
  1.800  1.85406635e-01  3.43756202e-02  1.78127652e-02    1.620000
  1.833  2.24335795e-01  5.03265490e-02  1.80030384e-02    1.680556
  1.867  2.61861037e-01  6.85712026e-02  1.82032082e-02    1.742222
  1.900  2.97783206e-01  8.86748378e-02  1.84140015e-02    1.805000
  1.933  3.31923753e-01  1.10173378e-01  1.86362254e-02    1.868889
  1.967  3.64125372e-01  1.32587286e-01  1.88707782e-02    1.933889
  2.000  3.94252389e-01  1.55434946e-01  1.91186632e-02    2.000000
  2.033  4.22190922e-01  1.78245175e-01  1.93810050e-02    2.067222
  2.067  4.47848800e-01  2.00568547e-01  1.96590688e-02    2.135556
  2.100  4.71155277e-01  2.21987295e-01  1.99542836e-02    2.205000
  2.133  4.92060547e-01  2.42123582e-01  2.02682703e-02    2.275556
  2.167  5.10535073e-01  2.60646061e-01  2.06028761e-02    2.347222
  2.200  5.26568758e-01  2.77274657e-01  2.09602166e-02    2.420000
  2.233  5.40169967e-01  2.91783593e-01  2.13427276e-02    2.493889
  2.267  5.51364425e-01  3.04002730e-01  2.17532304e-02    2.568889
  2.300  5.60194014e-01  3.13817333e-01  2.21950133e-02    2.645000
  2.333  5.66715478e-01  3.21166433e-01  2.26719358e-02    2.722222
  2.367  5.70999068e-01  3.26039935e-01  2.31885623e-02    2.800556
  2.400  5.73127137e-01  3.28474715e-01  2.37503366e-02    2.880000
  2.433  5.73192711e-01  3.28549885e-01  2.43638114e-02    2.960556
  2.467  5.71298043e-01  3.26381454e-01  2.50369565e-02    3.042222
  2.500  5.67553175e-01  3.22116606e-01  2.57795778e-02    3.125000
  2.533  5.62074526e-01  3.15927773e-01  2.66038987e-02    3.208889
  2.567  5.54983506e-01  3.08006692e-01  2.75253831e-02    3.293889
  2.600  5.46405186e-01  2.98558627e-01  2.85639292e-02    3.380000
  2.633  5.36467014e-01  2.87796857e-01  2.97456477e-02    3.467222
  2.667  5.25297613e-01  2.75937582e-01  3.11055983e-02    3.555556
  2.700  5.13025645e-01  2.63195312e-01  3.26921575e-02    3.645000
  2.733  4.99778756e-01  2.49778805e-01  3.45743095e-02    3.735556
  2.767  4.85682617e-01  2.35887604e-01  3.68544943e-02    3.827222
  2.800  4.70860042e-01  2.21709179e-01  3.96928245e-02    3.920000
  2.833  4.55430215e-01  2.07416681e-01  4.33568621e-02    4.013889
  2.867  4.39507995e-01  1.93167278e-01  4.83364738e-02    4.108889
  2.900  4.23203326e-01  1.79101055e-01  5.56561389e-02    4.205000
  2.933  4.06620732e-01  1.65340420e-01  6.79725271e-02    4.302222
  2.967  3.89858907e-01  1.51989967e-01  9.58575095e-02    4.400556
  3.000  3.73010390e-01  1.39136751e-01  1.31250840e+01    4.500000
  3.033  3.56161321e-01  1.26850887e-01  0.00000000e+00    4.600556
  3.067  3.39391835e-01  1.15186818e-01  0.00000000e+00    4.702222
  3.100  3.22774305e-01  1.04183252e-01  0.00000000e+00    4.805000
  3.133  3.06374988e-01  9.38656330e-02  0.00000000e+00    4.908889
  3.167  2.90253507e-01  8.42470982e-02  0.00000000e+00    5.013889
  3.200  2.74462952e-01  7.53299121e-02  0.00000000e+00    5.120000
  3.233  2.59050027e-01  6.71069165e-02  0.00000000e+00    5.227222
  3.267  2.44055239e-01  5.95629597e-02  0.00000000e+00    5.335556
  3.300  2.29513132e-01  5.26762779e-02  0.00000000e+00    5.445000
  3.333  2.15452549e-01  4.64198010e-02  0.00000000e+00    5.555556
  3.367  2.01896921e-01  4.07623668e-02  0.00000000e+00    5.667222
  3.400  1.88864579e-01  3.56698290e-02  0.00000000e+00    5.780000
  3.433  1.76369079e-01  3.11060520e-02  0.00000000e+00    5.893889
  3.467  1.64419545e-01  2.70337868e-02  0.00000000e+00    6.008889
  3.500  1.53021010e-01  2.34154296e-02  0.00000000e+00    6.125000
  3.533  1.42174767e-01  2.02136643e-02  0.00000000e+00    6.242222
  3.567  1.31878712e-01  1.73919947e-02  0.00000000e+00    6.360556
  3.600  1.22127691e-01  1.49151728e-02  0.00000000e+00    6.480000
  3.633  1.12913830e-01  1.27495331e-02  0.00000000e+00    6.600556
  3.667  1.04226866e-01  1.08632396e-02  0.00000000e+00    6.722222
  3.700  9.60544529e-02  9.22645792e-03  0.00000000e+00    6.845000
  3.733  8.83824642e-02  7.81145998e-03  0.00000000e+00    6.968889
  3.767  8.11952753e-02  6.59267273e-03  0.00000000e+00    7.093889
  3.800  7.44760292e-02  5.54667892e-03  0.00000000e+00    7.220000
  3.833  6.82068858e-02  4.65217927e-03  0.00000000e+00    7.347222
  3.867  6.23692527e-02  3.88992368e-03  0.00000000e+00    7.475556
  3.900  5.69439972e-02  3.24261881e-03  0.00000000e+00    7.605000
  3.933  5.19116405e-02  2.69481842e-03  0.00000000e+00    7.735556
  3.967  4.72525333e-02  2.23280190e-03  0.00000000e+00    7.867222
  4.000  4.29470136e-02  1.84444598e-03  0.00000000e+00    8.000000
  4.033  3.89755468e-02  1.51909325e-03  0.00000000e+00    8.133889
  4.067  3.53188490e-02  1.24742110e-03  0.00000000e+00    8.268889
  4.100  3.19579947e-02  1.02131343e-03  0.00000000e+00    8.405000
  4.133  2.88745085e-02  8.33737240e-04  0.00000000e+00    8.542222
  4.167  2.60504429e-02  6.78625573e-04  0.00000000e+00    8.680556
  4.200  2.34684425e-02  5.50767793e-04  0.00000000e+00    8.820000
  4.233  2.11117960e-02  4.45707931e-04  0.00000000e+00    8.960556
  4.267  1.89644763e-02  3.59651360e-04  0.00000000e+00    9.102222
  4.300  1.70111703e-02  2.89379915e-04  0.00000000e+00    9.245000
  4.333  1.52372998e-02  2.32175304e-04  0.00000000e+00    9.388889
  4.367  1.36290327e-02  1.85750532e-04  0.00000000e+00    9.533889
  4.400  1.21732879e-02  1.48188939e-04  0.00000000e+00    9.680000
  4.433  1.08577328e-02  1.17890362e-04  0.00000000e+00    9.827222
  4.467  9.67077501e-03  9.35238893e-05  0.00000000e+00    9.975556
  4.500  8.60154929e-03  7.39866502e-05  0.00000000e+00   10.125000
  4.533  7.63990027e-03  5.83680761e-05  0.00000000e+00   10.275556
  4.567  6.77636141e-03  4.59190740e-05  0.00000000e+00   10.427222
  4.600  6.00213129e-03  3.60255801e-05  0.00000000e+00   10.580000
  4.633  5.30904751e-03  2.81859855e-05  0.00000000e+00   10.733889
  4.667  4.68955888e-03  2.19919625e-05  0.00000000e+00   10.888889
  4.700  4.13669638e-03  1.71122569e-05  0.00000000e+00   11.045000
  4.733  3.64404328e-03  1.32790514e-05  0.00000000e+00   11.202222
  4.767  3.20570486e-03  1.02765436e-05  0.00000000e+00   11.360556
  4.800  2.81627799e-03  7.93142171e-06  0.00000000e+00   11.520000
  4.833  2.47082100e-03  6.10495640e-06  0.00000000e+00   11.680556
  4.867  2.16482390e-03  4.68646250e-06  0.00000000e+00   11.842222
  4.900  1.89417934e-03  3.58791535e-06  0.00000000e+00   12.005000
  4.933  1.65515438e-03  2.73953601e-06  0.00000000e+00   12.168889
  4.967  1.44436324e-03  2.08618517e-06  0.00000000e+00   12.333889
  5.000  1.25874115e-03  1.58442929e-06  0.00000000e+00   12.500000
  5.033  1.09551935e-03  1.20016264e-06  0.00000000e+00   12.667222
  5.067  9.52201336e-04  9.06687384e-07  0.00000000e+00   12.835556
  5.100  8.26540415e-04  6.83169057e-07  0.00000000e+00   13.005000
  5.133  7.16518482e-04  5.13398735e-07  0.00000000e+00   13.175556
  5.167  6.20326141e-04  3.84804522e-07  0.00000000e+00   13.347222
  5.200  5.36344100e-04  2.87664993e-07  0.00000000e+00   13.520000
  5.233  4.63125816e-04  2.14485522e-07  0.00000000e+00   13.693889
  5.267  3.99381390e-04  1.59505495e-07  0.00000000e+00   13.868889
  5.300  3.43962635e-04  1.18310294e-07  0.00000000e+00   14.045000
  5.333  2.95849302e-04  8.75268095e-08  0.00000000e+00   14.222222
  5.367  2.54136400e-04  6.45853096e-08  0.00000000e+00   14.400556
  5.400  2.18022549e-04  4.75338319e-08  0.00000000e+00   14.580000
  5.433  1.86799331e-04  3.48939900e-08  0.00000000e+00   14.760556
  5.467  1.59841558e-04  2.55493237e-08  0.00000000e+00   14.942222
  5.500  1.36598419e-04  1.86591282e-08  0.00000000e+00   15.125000
  5.533  1.16585435e-04  1.35921637e-08  0.00000000e+00   15.308889
  5.567  9.93771697e-05  9.87582186e-09  0.00000000e+00   15.493889
  5.600  8.46006457e-05  7.15726926e-09  0.00000000e+00   15.680000
  5.633  7.19294043e-05  5.17383921e-09  0.00000000e+00   15.867222
  5.667  6.10781625e-05  3.73054194e-09  0.00000000e+00   16.055556
  5.700  5.17980175e-05  2.68303462e-09  0.00000000e+00   16.245000
  5.733  4.38721510e-05  1.92476564e-09  0.00000000e+00   16.435556
  5.767  3.71119911e-05  1.37729988e-09  0.00000000e+00   16.627222
  5.800  3.13537883e-05  9.83060040e-10  0.00000000e+00   16.820000
  5.833  2.64555692e-05  6.99897142e-10  0.00000000e+00   17.013889
  5.867  2.22944307e-05  4.97041639e-10  0.00000000e+00   17.208889
  5.900  1.87641414e-05  3.52093004e-10  0.00000000e+00   17.405000
  5.933  1.57730208e-05  2.48788185e-10  0.00000000e+00   17.602222
  5.967  1.32420656e-05  1.75352301e-10  0.00000000e+00   17.800556
  6.000  1.11032999e-05  1.23283269e-10  0.00000000e+00   18.000000
  6.033  9.29832387e-06  8.64588267e-11  0.00000000e+00   18.200556
  6.067  7.77703931e-06  6.04823404e-11  0.00000000e+00   18.402222
  6.100  6.49653375e-06  4.22049507e-11  0.00000000e+00   18.605000
  6.133  5.42010402e-06  2.93775275e-11  0.00000000e+00   18.808889
  6.167  4.51640401e-06  2.03979051e-11  0.00000000e+00   19.013889
  6.200  3.75870202e-06  1.41278409e-11  0.00000000e+00   19.220000
  6.233  3.12423475e-06  9.76084275e-12  0.00000000e+00   19.427222
  6.267  2.59364629e-06  6.72700109e-12  0.00000000e+00   19.635556
  6.300  2.15050195e-06  4.62465864e-12  0.00000000e+00   19.845000
  6.333  1.78086743e-06  3.17148882e-12  0.00000000e+00   20.055556
  6.367  1.47294540e-06  2.16956816e-12  0.00000000e+00   20.267222
  6.400  1.21676202e-06  1.48050981e-12  0.00000000e+00   20.480000
  6.433  1.00389711e-06  1.00780941e-12  0.00000000e+00   20.693889
  6.467  8.27252215e-07  6.84346228e-13  0.00000000e+00   20.908889
  6.500  6.80851578e-07  4.63558871e-13  0.00000000e+00   21.125000
  6.533  5.59671669e-07  3.13232378e-13  0.00000000e+00   21.342222
  6.567  4.59495375e-07  2.11135999e-13  0.00000000e+00   21.560556
  6.600  3.76787494e-07  1.41968816e-13  0.00000000e+00   21.780000
  6.633  3.08588609e-07  9.52269294e-14  0.00000000e+00   22.000556
  6.667  2.52424745e-07  6.37182518e-14  0.00000000e+00   22.222222
  6.700  2.06230610e-07  4.25310646e-14  0.00000000e+00   22.445000
  6.733  1.68284464e-07  2.83196610e-14  0.00000000e+00   22.668889
  6.767  1.37152947e-07  1.88109308e-14  0.00000000e+00   22.893889
  6.800  1.11644413e-07  1.24644749e-14  0.00000000e+00   23.120000
  6.833  9.07695289e-08  8.23910738e-15  0.00000000e+00   23.347222
  6.867  7.37080471e-08  5.43287621e-15  0.00000000e+00   23.575556
  6.900  5.97808314e-08  3.57374780e-15  0.00000000e+00   23.805000
  6.933  4.84263459e-08  2.34511098e-15  0.00000000e+00   24.035556
  6.967  3.91809197e-08  1.53514446e-15  0.00000000e+00   24.267222
  7.000  3.16622076e-08  1.00249539e-15  0.00000000e+00   24.500000
  7.033  2.55553513e-08  6.53075981e-16  0.00000000e+00   24.733889
  7.067  2.06014158e-08  4.24418333e-16  0.00000000e+00   24.968889
  7.100  1.65877420e-08  2.75153183e-16  0.00000000e+00   25.205000
  7.133  1.33399100e-08  1.77953200e-16  0.00000000e+00   25.442222
  7.167  1.07150545e-08  1.14812394e-16  0.00000000e+00   25.680556
  7.200  8.59631158e-09  7.38965728e-17  0.00000000e+00   25.920000
  7.233  6.88821358e-09  4.74474863e-17  0.00000000e+00   26.160556
  7.267  5.51287523e-09  3.03917933e-17  0.00000000e+00   26.402222
  7.300  4.40683944e-09  1.94202338e-17  0.00000000e+00   26.645000
  7.333  3.51847276e-09  1.23796506e-17  0.00000000e+00   26.888889
  7.367  2.80581771e-09  7.87261303e-18  0.00000000e+00   27.133889
  7.400  2.23482432e-09  4.99443973e-18  0.00000000e+00   27.380000
  7.433  1.77789611e-09  3.16091459e-18  0.00000000e+00   27.627222
  7.467  1.41269628e-09  1.99571078e-18  0.00000000e+00   27.875556
  7.500  1.12116884e-09  1.25701958e-18  0.00000000e+00   28.125000
  7.533  8.88737282e-10  7.89853956e-19  0.00000000e+00   28.375556
  7.567  7.03649353e-10  4.95122412e-19  0.00000000e+00   28.627222
  7.600  5.56442194e-10  3.09627915e-19  0.00000000e+00   28.880000
  7.633  4.39506225e-10  1.93165721e-19  0.00000000e+00   29.133889
  7.667  3.46730113e-10  1.20221772e-19  0.00000000e+00   29.388889
  7.700  2.73212135e-10  7.46448707e-20  0.00000000e+00   29.645000
  7.733  2.15025830e-10  4.62361075e-20  0.00000000e+00   29.902222
  7.767  1.69030015e-10  2.85711460e-20  0.00000000e+00   30.160556
  7.800  1.32714966e-10  1.76132623e-20  0.00000000e+00   30.420000
  7.833  1.04078054e-10  1.08322413e-20  0.00000000e+00   30.680556
  7.867  8.15233330e-11  6.64605383e-21  0.00000000e+00   30.942222
  7.900  6.37805860e-11  4.06796315e-21  0.00000000e+00   31.205000
  7.933  4.98401338e-11  2.48403894e-21  0.00000000e+00   31.468889
  7.967  3.89004219e-11  1.51324283e-21  0.00000000e+00   31.733889
  8.000  3.03259307e-11  9.19662071e-22  0.00000000e+00   32.000000
  8.033  2.36134242e-11  5.57593803e-22  0.00000000e+00   32.267222
  8.067  1.83649223e-11  3.37270370e-22  0.00000000e+00   32.535556
  8.100  1.42660847e-11  2.03521172e-22  0.00000000e+00   32.805000
  8.133  1.10689483e-11  1.22521616e-22  0.00000000e+00   33.075556
  8.167  8.57815827e-12  7.35847993e-23  0.00000000e+00   33.347222
  8.200  6.64000121e-12  4.40896161e-23  0.00000000e+00   33.620000
  8.233  5.13368171e-12  2.63546879e-23  0.00000000e+00   33.893889
  8.267  3.96439264e-12  1.57164090e-23  0.00000000e+00   34.168889
  8.300  3.05781769e-12  9.35024900e-24  0.00000000e+00   34.445000
  8.333  2.35577592e-12  5.54968018e-24  0.00000000e+00   34.722222
  8.367  1.81277576e-12  3.28615597e-24  0.00000000e+00   35.000556
  8.400  1.39329207e-12  1.94126279e-24  0.00000000e+00   35.280000
  8.433  1.06961741e-12  1.14408140e-24  0.00000000e+00   35.560556
  8.467  8.20168761e-13  6.72676796e-25  0.00000000e+00   35.842222
  8.500  6.28154813e-13  3.94578469e-25  0.00000000e+00   36.125000
  8.533  4.80528450e-13  2.30907591e-25  0.00000000e+00   36.408889
  8.567  3.67164514e-13  1.34809780e-25  0.00000000e+00   36.693889
  8.600  2.80215214e-13  7.85205660e-26  0.00000000e+00   36.980000
  8.633  2.13605468e-13  4.56272960e-26  0.00000000e+00   37.267222
  8.667  1.62638325e-13  2.64512249e-26  0.00000000e+00   37.555556
  8.700  1.23686847e-13  1.52984361e-26  0.00000000e+00   37.845000
  8.733  9.39538240e-14  8.82732105e-27  0.00000000e+00   38.135556
  8.767  7.12846368e-14  5.08149944e-27  0.00000000e+00   38.427222
  8.800  5.40216910e-14  2.91834310e-27  0.00000000e+00   38.720000
  8.833  4.08913430e-14  1.67210193e-27  0.00000000e+00   39.013889
  8.867  3.09161747e-14  9.55809857e-28  0.00000000e+00   39.308889
  8.900  2.33470233e-14  5.45083496e-28  0.00000000e+00   39.605000
  8.933  1.76103859e-14  3.10125690e-28  0.00000000e+00   39.902222
  8.967  1.32677727e-14  1.76033792e-28  0.00000000e+00   40.200556
  9.000  9.98433553e-15  9.96869560e-29  0.00000000e+00   40.500000
  9.033  7.50468566e-15  5.63203068e-29  0.00000000e+00   40.800556
  9.067  5.63427750e-15  3.17450830e-29  0.00000000e+00   41.102222
  9.100  4.22509561e-15  1.78514329e-29  0.00000000e+00   41.405000
  9.133  3.16466408e-15  1.00150987e-29  0.00000000e+00   41.708889
  9.167  2.36761808e-15  5.60561536e-30  0.00000000e+00   42.013889
  9.200  1.76924839e-15  3.13023985e-30  0.00000000e+00   42.320000
  9.233  1.32056344e-15  1.74388779e-30  0.00000000e+00   42.627222
  9.267  9.84516912e-16  9.69273550e-31  0.00000000e+00   42.935556
  9.300  7.33129461e-16  5.37478807e-31  0.00000000e+00   43.245000
  9.333  5.45295387e-16  2.97347059e-31  0.00000000e+00   43.555556
  9.367  4.05113424e-16  1.64116886e-31  0.00000000e+00   43.867222
  9.400  3.00617981e-16  9.03711708e-32  0.00000000e+00   44.180000
  9.433  2.22815995e-16  4.96469677e-32  0.00000000e+00   44.493889
  9.467  1.64956696e-16  2.72107116e-32  0.00000000e+00   44.808889
  9.500  1.21978668e-16  1.48787954e-32  0.00000000e+00   45.125000
  9.533  9.00916763e-17  8.11651014e-33  0.00000000e+00   45.442222
  9.567  6.64608188e-17  4.41704043e-33  0.00000000e+00   45.760556
  9.600  4.89682486e-17  2.39788937e-33  0.00000000e+00   46.080000
  9.633  3.60336479e-17  1.29842378e-33  0.00000000e+00   46.400556
  9.667  2.64791219e-17  7.01143895e-34  0.00000000e+00   46.722222
  9.700  1.94276423e-17  3.77433286e-34  0.00000000e+00   47.045000
  9.733  1.42267893e-17  2.02401533e-34  0.00000000e+00   47.368889
  9.767  1.03915410e-17  1.07984124e-34  0.00000000e+00   47.693889
  9.800  7.56137934e-18  5.71744575e-35  0.00000000e+00   48.020000
  9.833  5.46812976e-18  2.99004431e-35  0.00000000e+00   48.347222
  9.867  3.91182480e-18  1.53023733e-35  0.00000000e+00   48.675556
  9.900  2.74253632e-18  7.52150544e-36  0.00000000e+00   49.005000
  9.933  1.84661200e-18  3.40997588e-36  0.00000000e+00   49.335556
  9.967  1.13611554e-18  1.29075851e-36  0.00000000e+00   49.667222
 10.000  5.40533874e-19  2.92176869e-37  0.00000000e+00   50.000000
