-10.000  7.82201122e-20  6.11838595e-39  0.00000000e+00   50.000000
 -9.967  1.64582944e-19  2.70875454e-38  0.00000000e+00   49.667222
 -9.933  2.67964834e-19  7.18051522e-38  0.00000000e+00   49.335556
 -9.900  3.98859986e-19  1.59089289e-37  0.00000000e+00   49.005000
 -9.867  5.70412963e-19  3.25370948e-37  0.00000000e+00   48.675556
 -9.833  7.99688369e-19  6.39501487e-37  0.00000000e+00   48.347222
 -9.800  1.10929573e-18  1.23053701e-36  0.00000000e+00   48.020000
 -9.767  1.52951744e-18  2.33942360e-36  0.00000000e+00   47.693889
 -9.733  2.10113050e-18  4.41474936e-36  0.00000000e+00   47.368889
 -9.700  2.87917158e-18  8.28962896e-36  0.00000000e+00   47.045000
 -9.667  3.93797513e-18  1.55076482e-35  0.00000000e+00   46.722222
 -9.633  5.37792119e-18  2.89220363e-35  0.00000000e+00   46.400556
 -9.600  7.33447235e-18  5.37944847e-35  0.00000000e+00   46.080000
 -9.567  9.99026945e-18  9.98054837e-35  0.00000000e+00   45.760556
 -9.533  1.35913062e-17  1.84723605e-34  0.00000000e+00   45.442222
 -9.500  1.84685360e-17  3.41086821e-34  0.00000000e+00   45.125000
 -9.467  2.50667017e-17  6.28339534e-34  0.00000000e+00   44.808889
 -9.433  3.39827587e-17  1.15482789e-33  0.00000000e+00   44.493889
 -9.400  4.60170198e-17  2.11756611e-33  0.00000000e+00   44.180000
 -9.367  6.22411529e-17  3.87396111e-33  0.00000000e+00   43.867222
 -9.333  8.40884718e-17  7.07087109e-33  0.00000000e+00   43.555556
 -9.300  1.13473682e-16  1.28762765e-32  0.00000000e+00   43.245000
 -9.267  1.52951494e-16  2.33941594e-32  0.00000000e+00   42.935556
 -9.233  2.05926454e-16  4.24057044e-32  0.00000000e+00   42.627222
 -9.200  2.76930200e-16  7.66903359e-32  0.00000000e+00   42.320000
 -9.167  3.71987335e-16  1.38374578e-31  0.00000000e+00   42.013889
 -9.133  4.99097649e-16  2.49098463e-31  0.00000000e+00   41.708889
 -9.100  6.68870900e-16  4.47388281e-31  0.00000000e+00   41.405000
 -9.067  8.95361378e-16  8.01671997e-31  0.00000000e+00   41.102222
 -9.033  1.19716373e-15  1.43320101e-30  0.00000000e+00   40.800556
 -9.000  1.59885011e-15  2.55632166e-30  0.00000000e+00   40.500000
 -8.967  2.13285244e-15  4.54905952e-30  0.00000000e+00   40.200556
 -8.933  2.84192484e-15  8.07653682e-30  0.00000000e+00   39.902222
 -8.900  3.78236070e-15  1.43062525e-29  0.00000000e+00   39.605000
 -8.867  5.02819052e-15  2.52826999e-29  0.00000000e+00   39.308889
 -8.833  6.67665273e-15  4.45776917e-29  0.00000000e+00   39.013889
 -8.800  8.85531433e-15  7.84165919e-29  0.00000000e+00   38.720000
 -8.767  1.17313274e-14  1.37624042e-28  0.00000000e+00   38.427222
 -8.733  1.55234466e-14  2.40977395e-28  0.00000000e+00   38.135556
 -8.700  2.05176123e-14  4.20972416e-28  0.00000000e+00   37.845000
 -8.667  2.70871305e-14  7.33712640e-28  0.00000000e+00   37.555556
 -8.633  3.57187732e-14  1.27583076e-27  0.00000000e+00   37.267222
 -8.600  4.70464936e-14  2.21337256e-27  0.00000000e+00   36.980000
 -8.567  6.18949213e-14  3.83098129e-27  0.00000000e+00   36.693889
 -8.533  8.13354051e-14  6.61544812e-27  0.00000000e+00   36.408889
 -8.500  1.06758128e-13  1.13972978e-26  0.00000000e+00   36.125000
 -8.467  1.39964788e-13  1.95901419e-26  0.00000000e+00   35.842222
 -8.433  1.83287559e-13  3.35943294e-26  0.00000000e+00   35.560556
 -8.400  2.39741582e-13  5.74760262e-26  0.00000000e+00   35.280000
 -8.367  3.13220192e-13  9.81068889e-26  0.00000000e+00   35.000556
 -8.333  4.08744540e-13  1.67072099e-25  0.00000000e+00   34.722222
 -8.300  5.32782344e-13  2.83857026e-25  0.00000000e+00   34.445000
 -8.267  6.93654405e-13  4.81156434e-25  0.00000000e+00   34.168889
 -8.233  9.02052371e-13  8.13698480e-25  0.00000000e+00   33.893889
 -8.200  1.17169735e-12  1.37287468e-24  0.00000000e+00   33.620000
 -8.167  1.52017661e-12  2.31093692e-24  0.00000000e+00   33.347222
 -8.133  1.97000511e-12  3.88092014e-24  0.00000000e+00   33.075556
 -8.100  2.54997061e-12  6.50235011e-24  0.00000000e+00   32.805000
 -8.067  3.29683577e-12  1.08691261e-23  0.00000000e+00   32.535556
 -8.033  4.25748935e-12  1.81262155e-23  0.00000000e+00   32.267222
 -8.000  5.49166125e-12  3.01583433e-23  0.00000000e+00   32.000000
 -7.967  7.07534496e-12  5.00605064e-23  0.00000000e+00   31.733889
 -7.933  9.10510584e-12  8.29029523e-23  0.00000000e+00   31.468889
 -7.900  1.17034975e-11  1.36971854e-22  0.00000000e+00   31.205000
 -7.867  1.50258625e-11  2.25776544e-22  0.00000000e+00   30.942222
 -7.833  1.92688596e-11  3.71288952e-22  0.00000000e+00   30.680556
 -7.800  2.46811422e-11  6.09158780e-22  0.00000000e+00   30.420000
 -7.767  3.15767123e-11  9.97088762e-22  0.00000000e+00   30.160556
 -7.733  4.03515998e-11  1.62825160e-21  0.00000000e+00   29.902222
 -7.700  5.15046648e-11  2.65273049e-21  0.00000000e+00   29.645000
 -7.667  6.56635110e-11  4.31169668e-21  0.00000000e+00   29.388889
 -7.633  8.36167204e-11  6.99175593e-21  0.00000000e+00   29.133889
 -7.600  1.06353898e-10  1.13111517e-20  0.00000000e+00   28.880000
 -7.567  1.35115355e-10  1.82561592e-20  0.00000000e+00   28.627222
 -7.533  1.71453663e-10  2.93963586e-20  0.00000000e+00   28.375556
 -7.500  2.17309817e-10  4.72235567e-20  0.00000000e+00   28.125000
 -7.467  2.75107347e-10  7.56840524e-20  0.00000000e+00   27.875556
 -7.433  3.47868448e-10  1.21012457e-19  0.00000000e+00   27.627222
 -7.400  4.39357088e-10  1.93034651e-19  0.00000000e+00   27.380000
 -7.367  5.54255126e-10  3.07198745e-19  0.00000000e+00   27.133889
 -7.333  6.98378749e-10  4.87732877e-19  0.00000000e+00   26.888889
 -7.300  8.78944105e-10  7.72542739e-19  0.00000000e+00   26.645000
 -7.267  1.10489286e-09  1.22078823e-18  0.00000000e+00   26.402222
 -7.233  1.38729067e-09  1.92457541e-18  0.00000000e+00   26.160556
 -7.200  1.73981419e-09  3.02695342e-18  0.00000000e+00   25.920000
 -7.167  2.17934551e-09  4.74954684e-18  0.00000000e+00   25.680556
 -7.133  2.72669668e-09  7.43487480e-18  0.00000000e+00   25.442222
 -7.100  3.40749163e-09  1.16109992e-17  0.00000000e+00   25.205000
 -7.067  4.25323805e-09  1.80900339e-17  0.00000000e+00   24.968889
 -7.033  5.30262850e-09  2.81178690e-17  0.00000000e+00   24.733889
 -7.000  6.60311740e-09  4.36011594e-17  0.00000000e+00   24.500000
 -6.967  8.21282989e-09  6.74505748e-17  0.00000000e+00   24.267222
 -6.933  1.02028689e-08  1.04098534e-16  0.00000000e+00   24.035556
 -6.900  1.26600998e-08  1.60278127e-16  0.00000000e+00   23.805000
 -6.867  1.56905066e-08  2.46191996e-16  0.00000000e+00   23.575556
 -6.833  1.94232311e-08  3.77261906e-16  0.00000000e+00   23.347222
 -6.800  2.40154277e-08  5.76740767e-16  0.00000000e+00   23.120000
 -6.767  2.96580888e-08  8.79602230e-16  0.00000000e+00   22.893889
 -6.733  3.65830265e-08  1.33831783e-15  0.00000000e+00   22.668889
 -6.700  4.50712267e-08  2.03141548e-15  0.00000000e+00   22.445000
 -6.667  5.54628315e-08  3.07612567e-15  0.00000000e+00   22.222222
 -6.633  6.81690494e-08  4.64701930e-15  0.00000000e+00   22.000556
 -6.600  8.36863456e-08  7.00340444e-15  0.00000000e+00   21.780000
 -6.567  1.02613323e-07  1.05294940e-14  0.00000000e+00   21.560556
 -6.533  1.25670775e-07  1.57931436e-14  0.00000000e+00   21.342222
 -6.500  1.53725470e-07  2.36315202e-14  0.00000000e+00   21.125000
 -6.467  1.87818325e-07  3.52757232e-14  0.00000000e+00   20.908889
 -6.433  2.29197714e-07  5.25315920e-14  0.00000000e+00   20.693889
 -6.400  2.79358808e-07  7.80413435e-14  0.00000000e+00   20.480000
 -6.367  3.40089952e-07  1.15661176e-13  0.00000000e+00   20.267222
 -6.333  4.13527264e-07  1.71004798e-13  0.00000000e+00   20.055556
 -6.300  5.02218806e-07  2.52223729e-13  0.00000000e+00   19.845000
 -6.267  6.09199901e-07  3.71124519e-13  0.00000000e+00   19.635556
 -6.233  7.38081386e-07  5.44764132e-13  0.00000000e+00   19.427222
 -6.200  8.93152863e-07  7.97722037e-13  0.00000000e+00   19.220000
 -6.167  1.07950331e-06  1.16532741e-12  0.00000000e+00   19.013889
 -6.133  1.30316177e-06  1.69823059e-12  0.00000000e+00   18.808889
 -6.100  1.57126109e-06  2.46886141e-12  0.00000000e+00   18.605000
 -6.067  1.89222842e-06  3.58052840e-12  0.00000000e+00   18.402222
 -6.033  2.27600621e-06  5.18020425e-12  0.00000000e+00   18.200556
 -6.000  2.73430830e-06  7.47644190e-12  0.00000000e+00   18.000000
 -5.967  3.28091633e-06  1.07644120e-11  0.00000000e+00   17.800556
 -5.933  3.93202192e-06  1.54607963e-11  0.00000000e+00   17.602222
 -5.900  4.70662134e-06  2.21522844e-11  0.00000000e+00   17.405000
 -5.867  5.62696986e-06  3.16627899e-11  0.00000000e+00   17.208889
 -5.833  6.71910386e-06  4.51463566e-11  0.00000000e+00   17.013889
 -5.800  8.01343977e-06  6.42152169e-11  0.00000000e+00   16.820000
 -5.767  9.54546017e-06  9.11158099e-11  0.00000000e+00   16.627222
 -5.733  1.13564981e-05  1.28970050e-10  0.00000000e+00   16.435556
 -5.700  1.34946324e-05  1.82105104e-10  0.00000000e+00   16.245000
 -5.667  1.60157072e-05  2.56502876e-10  0.00000000e+00   16.055556
 -5.633  1.89844921e-05  3.60410939e-10  0.00000000e+00   15.867222
 -5.600  2.24759986e-05  5.05170513e-10  0.00000000e+00   15.680000
 -5.567  2.65769722e-05  7.06335451e-10  0.00000000e+00   15.493889
 -5.533  3.13875793e-05  9.85180134e-10  0.00000000e+00   15.308889
 -5.500  3.70233123e-05  1.37072565e-09  0.00000000e+00   15.125000
 -5.467  4.36171355e-05  1.90245451e-09  0.00000000e+00   14.942222
 -5.433  5.13218987e-05  2.63393729e-09  0.00000000e+00   14.760556
 -5.400  6.03130460e-05  3.63766351e-09  0.00000000e+00   14.580000
 -5.367  7.07916493e-05  5.01145761e-09  0.00000000e+00   14.400556
 -5.333  8.29878011e-05  6.88697512e-09  0.00000000e+00   14.222222
 -5.300  9.71643969e-05  9.44092003e-09  0.00000000e+00   14.045000
 -5.267  1.13621348e-04  1.29098108e-08  0.00000000e+00   13.868889
 -5.233  1.32700262e-04  1.76093596e-08  0.00000000e+00   13.693889
 -5.200  1.54789625e-04  2.39598281e-08  0.00000000e+00   13.520000
 -5.167  1.80330544e-04  3.25191051e-08  0.00000000e+00   13.347222
 -5.133  2.09823071e-04  4.40257211e-08  0.00000000e+00   13.175556
 -5.100  2.43833177e-04  5.94546180e-08  0.00000000e+00   13.005000
 -5.067  2.83000403e-04  8.00892278e-08  0.00000000e+00   12.835556
 -5.033  3.28046249e-04  1.07614341e-07  0.00000000e+00   12.667222
 -5.000  3.79783341e-04  1.44235386e-07  0.00000000e+00   12.500000
 -4.967  4.39125421e-04  1.92831135e-07  0.00000000e+00   12.333889
 -4.933  5.07098214e-04  2.57148599e-07  0.00000000e+00   12.168889
 -4.900  5.84851211e-04  3.42050939e-07  0.00000000e+00   12.005000
 -4.867  6.73670402e-04  4.53831810e-07  0.00000000e+00   11.842222
 -4.833  7.74992012e-04  6.00612619e-07  0.00000000e+00   11.680556
 -4.800  8.90417263e-04  7.92842903e-07  0.00000000e+00   11.520000
 -4.767  1.02172819e-03  1.04392849e-06  0.00000000e+00   11.360556
 -4.733  1.17090451e-03  1.37101737e-06  0.00000000e+00   11.202222
 -4.700  1.34014163e-03  1.79597960e-06  0.00000000e+00   11.045000
 -4.667  1.53186968e-03  2.34662472e-06  0.00000000e+00   10.888889
 -4.633  1.74877363e-03  3.05820921e-06  0.00000000e+00   10.733889
 -4.600  1.99381448e-03  3.97529617e-06  0.00000000e+00   10.580000
 -4.567  2.27025142e-03  5.15404152e-06  0.00000000e+00   10.427222
 -4.533  2.58166497e-03  6.66499400e-06  0.00000000e+00   10.275556
 -4.500  2.93198090e-03  8.59651200e-06  0.00000000e+00   10.125000
 -4.467  3.32549502e-03  1.10589171e-05  0.00000000e+00    9.975556
 -4.433  3.76689849e-03  1.41895242e-05  0.00000000e+00    9.827222
 -4.400  4.26130363e-03  1.81587087e-05  0.00000000e+00    9.680000
 -4.367  4.81427010e-03  2.31771966e-05  0.00000000e+00    9.533889
 -4.333  5.43183095e-03  2.95047875e-05  0.00000000e+00    9.388889
 -4.300  6.12051872e-03  3.74607494e-05  0.00000000e+00    9.245000
 -4.267  6.88739086e-03  4.74361528e-05  0.00000000e+00    9.102222
 -4.233  7.74005446e-03  5.99084430e-05  0.00000000e+00    8.960556
 -4.200  8.68668980e-03  7.54585797e-05  0.00000000e+00    8.820000
 -4.167  9.73607230e-03  9.47911038e-05  0.00000000e+00    8.680556
 -4.133  1.08975924e-02  1.18757521e-04  0.00000000e+00    8.542222
 -4.100  1.21812733e-02  1.48383418e-04  0.00000000e+00    8.405000
 -4.067  1.35977847e-02  1.84899748e-04  0.00000000e+00    8.268889
 -4.033  1.51584542e-02  2.29778735e-04  0.00000000e+00    8.133889
 -4.000  1.68752738e-02  2.84774867e-04  0.00000000e+00    8.000000
 -3.967  1.87609012e-02  3.51971414e-04  0.00000000e+00    7.867222
 -3.933  2.08286561e-02  4.33832916e-04  0.00000000e+00    7.735556
 -3.900  2.30925103e-02  5.33264031e-04  0.00000000e+00    7.605000
 -3.867  2.55670701e-02  6.53675072e-04  0.00000000e+00    7.475556
 -3.833  2.82675517e-02  7.99054479e-04  0.00000000e+00    7.347222
 -3.800  3.12097477e-02  9.74048349e-04  0.00000000e+00    7.220000
 -3.767  3.44099840e-02  1.18404700e-03  0.00000000e+00    7.093889
 -3.733  3.78850673e-02  1.43527833e-03  0.00000000e+00    6.968889
 -3.700  4.16522212e-02  1.73490753e-03  0.00000000e+00    6.845000
 -3.667  4.57290108e-02  2.09114243e-03  0.00000000e+00    6.722222
 -3.633  5.01332550e-02  2.51334326e-03  0.00000000e+00    6.600556
 -3.600  5.48829264e-02  3.01213561e-03  0.00000000e+00    6.480000
 -3.567  5.99960368e-02  3.59952443e-03  0.00000000e+00    6.360556
 -3.533  6.54905097e-02  4.28900686e-03  0.00000000e+00    6.242222
 -3.500  7.13840374e-02  5.09568080e-03  0.00000000e+00    6.125000
 -3.467  7.76939248e-02  6.03634595e-03  0.00000000e+00    6.008889
 -3.433  8.44369168e-02  7.12959293e-03  0.00000000e+00    5.893889
 -3.400  9.16290127e-02  8.39587597e-03  0.00000000e+00    5.780000
 -3.367  9.92852645e-02  9.85756374e-03  0.00000000e+00    5.667222
 -3.333  1.07419562e-01  1.15389623e-02  0.00000000e+00    5.555556
 -3.300  1.16044405e-01  1.34663038e-02  0.00000000e+00    5.445000
 -3.267  1.25170658e-01  1.56676937e-02  0.00000000e+00    5.335556
 -3.233  1.34807304e-01  1.81730093e-02  0.00000000e+00    5.227222
 -3.200  1.44961174e-01  2.10137420e-02  0.00000000e+00    5.120000
 -3.167  1.55636678e-01  2.42227754e-02  0.00000000e+00    5.013889
 -3.133  1.66835523e-01  2.78340918e-02  0.00000000e+00    4.908889
 -3.100  1.78556433e-01  3.18823999e-02  0.00000000e+00    4.805000
 -3.067  1.90794859e-01  3.64026782e-02  0.00000000e+00    4.702222
 -3.033  2.03542690e-01  4.14296268e-02  0.00000000e+00    4.600556
 -3.000  2.16787976e-01  4.69970267e-02  0.00000000e+00    4.500000
 -2.967  2.30514645e-01  5.31370017e-02  0.00000000e+00    4.400556
 -2.933  2.44702239e-01  5.98791857e-02  0.00000000e+00    4.302222
 -2.900  2.59325658e-01  6.72497968e-02  0.00000000e+00    4.205000
 -2.867  2.74354926e-01  7.52706257e-02  0.00000000e+00    4.108889
 -2.833  2.89754978e-01  8.39579472e-02  0.00000000e+00    4.013889
 -2.800  3.05485466e-01  9.33213697e-02  0.00000000e+00    3.920000
 -2.767  3.21500606e-01  1.03362640e-01  0.00000000e+00    3.827222
 -2.733  3.37749055e-01  1.14074424e-01  0.00000000e+00    3.735556
 -2.700  3.54173823e-01  1.25439097e-01  0.00000000e+00    3.645000
 -2.667  3.70712237e-01  1.37427563e-01  0.00000000e+00    3.555556
 -2.633  3.87296414e-01  1.49998512e-01  1.25919560e+00    3.467222
 -2.600  4.03851916e-01  1.63096370e-01  6.58136456e-01    3.380000
 -2.567  4.20299277e-01  1.76651482e-01  5.02180191e-01    3.293889
 -2.533  4.36553701e-01  1.90579134e-01  4.22554176e-01    3.208889
 -2.500  4.52525309e-01  2.04779156e-01  3.72303376e-01    3.125000
 -2.467  4.68119440e-01  2.19135810e-01  3.36965756e-01    3.042222
 -2.433  4.83237024e-01  2.33518022e-01  3.10413150e-01    2.960556
 -2.400  4.97775028e-01  2.47779978e-01  2.89546211e-01    2.880000
 -2.367  5.11626962e-01  2.61762149e-01  2.72607194e-01    2.800556
 -2.333  5.24683474e-01  2.75292748e-01  2.58515337e-01    2.722222
 -2.300  5.36832996e-01  2.88189665e-01  2.46564839e-01    2.645000
 -2.267  5.47962470e-01  3.00262868e-01  2.36272703e-01    2.568889
 -2.233  5.57958141e-01  3.11317288e-01  2.27295803e-01    2.493889
 -2.200  5.66706412e-01  3.21156157e-01  2.19382805e-01    2.420000
 -2.167  5.74094750e-01  3.29584782e-01  2.12344847e-01    2.347222
 -2.133  5.80012661e-01  3.36414687e-01  2.06036914e-01    2.275556
 -2.100  5.84352700e-01  3.41468078e-01  2.00345569e-01    2.205000
 -2.067  5.87011528e-01  3.44582534e-01  1.95180641e-01    2.135556
 -2.033  5.87890998e-01  3.45615825e-01  1.90469432e-01    2.067222
 -2.000  5.86899264e-01  3.44450746e-01  1.86152601e-01    2.000000
 -1.967  5.83951905e-01  3.40999828e-01  1.82181169e-01    1.933889
 -1.933  5.78973049e-01  3.35209791e-01  1.78514305e-01    1.868889
 -1.900  5.71896484e-01  3.27065588e-01  1.75117670e-01    1.805000
 -1.867  5.62666754e-01  3.16593876e-01  1.71962147e-01    1.742222
 -1.833  5.51240212e-01  3.03865772e-01  1.69022867e-01    1.680556
 -1.800  5.37586033e-01  2.88998743e-01  1.66278446e-01    1.620000
 -1.767  5.21687153e-01  2.72157485e-01  1.63710384e-01    1.560556
 -1.733  5.03541145e-01  2.53553685e-01  1.61302585e-01    1.502222
 -1.700  4.83161000e-01  2.33444552e-01  1.59040971e-01    1.445000
 -1.667  4.60575804e-01  2.12130071e-01  1.56913171e-01    1.388889
 -1.633  4.35831303e-01  1.89948924e-01  1.54908266e-01    1.333889
 -1.600  4.08990338e-01  1.67273096e-01  1.53016577e-01    1.280000
 -1.567  3.80133146e-01  1.44501209e-01  1.51229492e-01    1.227222
 -1.533  3.49357505e-01  1.22050666e-01  1.49539321e-01    1.175556
 -1.500  3.16778725e-01  1.00348761e-01  1.47939175e-01    1.125000
 -1.467  2.82529473e-01  7.98229031e-02  1.46422862e-01    1.075556
 -1.433  2.46759421e-01  6.08902118e-02  1.44984800e-01    1.027222
 -1.400  2.09634724e-01  4.39467175e-02  1.43619945e-01    0.980000
 -1.367  1.71337312e-01  2.93564746e-02  1.42323726e-01    0.933889
 -1.333  1.32064007e-01  1.74409018e-02  1.41091992e-01    0.888889
 -1.300  9.20254518e-02  8.46868378e-03  1.39920963e-01    0.845000
 -1.267  5.14448782e-02  2.64657549e-03  1.38807192e-01    0.802222
 -1.233  1.05566900e-02  1.11443704e-04  1.37747527e-01    0.760556
 -1.200 -3.03951062e-02  9.23862484e-04  1.36739084e-01    0.720000
 -1.167 -7.11586258e-02  5.06355003e-03  1.35779217e-01    0.680556
 -1.133 -1.11475969e-01  1.24268916e-02  1.34865494e-01    0.642222
 -1.100 -1.51085208e-01  2.28267400e-02  1.33995680e-01    0.605000
 -1.067 -1.89722484e-01  3.59946210e-02  1.33167714e-01    0.568889
 -1.033 -2.27124195e-01  5.15853999e-02  1.32379697e-01    0.533889
 -1.000 -2.63029247e-01  6.91843850e-02  1.31629874e-01    0.500000
 -0.967 -2.97181364e-01  8.83167631e-02  1.30916626e-01    0.467222
 -0.933 -3.29331412e-01  1.08459179e-01  1.30238452e-01    0.435556
 -0.900 -3.59239731e-01  1.29053185e-01  1.29593965e-01    0.405000
 -0.867 -3.86678447e-01  1.49520221e-01  1.28981881e-01    0.375556
 -0.833 -4.11433721e-01  1.69277707e-01  1.28401007e-01    0.347222
 -0.800 -4.33307941e-01  1.87755772e-01  1.27850242e-01    0.320000
 -0.767 -4.52121805e-01  2.04414126e-01  1.27328561e-01    0.293889
 -0.733 -4.67716276e-01  2.18758515e-01  1.26835017e-01    0.268889
 -0.700 -4.79954402e-01  2.30356228e-01  1.26368731e-01    0.245000
 -0.667 -4.88722951e-01  2.38850123e-01  1.25928889e-01    0.222222
 -0.633 -4.93933864e-01  2.43970662e-01  1.25514736e-01    0.200556
 -0.600 -4.95525485e-01  2.45545507e-01  1.25125575e-01    0.180000
 -0.567 -4.93463574e-01  2.43506299e-01  1.24760762e-01    0.160556
 -0.533 -4.87742062e-01  2.37892319e-01  1.24419702e-01    0.142222
 -0.500 -4.78383557e-01  2.28850827e-01  1.24101847e-01    0.125000
 -0.467 -4.65439577e-01  2.16634000e-01  1.23806693e-01    0.108889
 -0.433 -4.48990513e-01  2.01592481e-01  1.23533780e-01    0.093889
 -0.400 -4.29145306e-01  1.84165693e-01  1.23282685e-01    0.080000
 -0.367 -4.06040847e-01  1.64869170e-01  1.23053025e-01    0.067222
 -0.333 -3.79841107e-01  1.44279266e-01  1.22844452e-01    0.055556
 -0.300 -3.50735981e-01  1.23015729e-01  1.22656654e-01    0.045000
 -0.267 -3.18939886e-01  1.01722651e-01  1.22489353e-01    0.035556
 -0.233 -2.84690091e-01  8.10484482e-02  1.22342301e-01    0.027222
 -0.200 -2.48244832e-01  6.16254966e-02  1.22215284e-01    0.020000
 -0.167 -2.09881189e-01  4.40501135e-02  1.22108116e-01    0.013889
 -0.133 -1.69892785e-01  2.88635584e-02  1.22020643e-01    0.008889
 -0.100 -1.28587300e-01  1.65346938e-02  1.21952738e-01    0.005000
 -0.067 -8.62838429e-02  7.44490155e-03  1.21904303e-01    0.002222
 -0.033 -4.33102011e-02  1.87577352e-03  1.21875271e-01    0.000556
  0.000  0.00000000e+00  0.00000000e+00  1.21865598e-01    0.000000
  0.033  4.33102011e-02  1.87577352e-03  1.21875271e-01    0.000556
  0.067  8.62838429e-02  7.44490155e-03  1.21904303e-01    0.002222
  0.100  1.28587300e-01  1.65346938e-02  1.21952738e-01    0.005000
  0.133  1.69892785e-01  2.88635584e-02  1.22020643e-01    0.008889
  0.167  2.09881189e-01  4.40501135e-02  1.22108116e-01    0.013889
  0.200  2.48244832e-01  6.16254966e-02  1.22215284e-01    0.020000
  0.233  2.84690091e-01  8.10484482e-02  1.22342301e-01    0.027222
  0.267  3.18939886e-01  1.01722651e-01  1.22489353e-01    0.035556
  0.300  3.50735981e-01  1.23015729e-01  1.22656654e-01    0.045000
  0.333  3.79841107e-01  1.44279266e-01  1.22844452e-01    0.055556
  0.367  4.06040847e-01  1.64869170e-01  1.23053025e-01    0.067222
  0.400  4.29145306e-01  1.84165693e-01  1.23282685e-01    0.080000
  0.433  4.48990513e-01  2.01592481e-01  1.23533780e-01    0.093889
  0.467  4.65439577e-01  2.16634000e-01  1.23806693e-01    0.108889
  0.500  4.78383557e-01  2.28850827e-01  1.24101847e-01    0.125000
  0.533  4.87742062e-01  2.37892319e-01  1.24419702e-01    0.142222
  0.567  4.93463574e-01  2.43506299e-01  1.24760762e-01    0.160556
  0.600  4.95525485e-01  2.45545507e-01  1.25125575e-01    0.180000
  0.633  4.93933864e-01  2.43970662e-01  1.25514736e-01    0.200556
  0.667  4.88722951e-01  2.38850123e-01  1.25928889e-01    0.222222
  0.700  4.79954402e-01  2.30356228e-01  1.26368731e-01    0.245000
  0.733  4.67716276e-01  2.18758515e-01  1.26835017e-01    0.268889
  0.767  4.52121805e-01  2.04414126e-01  1.27328561e-01    0.293889
  0.800  4.33307941e-01  1.87755772e-01  1.27850242e-01    0.320000
  0.833  4.11433721e-01  1.69277707e-01  1.28401007e-01    0.347222
  0.867  3.86678447e-01  1.49520221e-01  1.28981881e-01    0.375556
  0.900  3.59239731e-01  1.29053185e-01  1.29593965e-01    0.405000
  0.933  3.29331412e-01  1.08459179e-01  1.30238452e-01    0.435556
  0.967  2.97181364e-01  8.83167631e-02  1.30916626e-01    0.467222
  1.000  2.63029247e-01  6.91843850e-02  1.31629874e-01    0.500000
  1.033  2.27124195e-01  5.15853999e-02  1.32379697e-01    0.533889
  1.067  1.89722484e-01  3.59946210e-02  1.33167714e-01    0.568889
  1.100  1.51085208e-01  2.28267400e-02  1.33995680e-01    0.605000
  1.133  1.11475969e-01  1.24268916e-02  1.34865494e-01    0.642222
  1.167  7.11586258e-02  5.06355003e-03  1.35779217e-01    0.680556
  1.200  3.03951062e-02  9.23862484e-04  1.36739084e-01    0.720000
  1.233 -1.05566900e-02  1.11443704e-04  1.37747527e-01    0.760556
  1.267 -5.14448782e-02  2.64657549e-03  1.38807192e-01    0.802222
  1.300 -9.20254518e-02  8.46868378e-03  1.39920963e-01    0.845000
  1.333 -1.32064007e-01  1.74409018e-02  1.41091992e-01    0.888889
  1.367 -1.71337312e-01  2.93564746e-02  1.42323726e-01    0.933889
  1.400 -2.09634724e-01  4.39467175e-02  1.43619945e-01    0.980000
  1.433 -2.46759421e-01  6.08902118e-02  1.44984800e-01    1.027222
  1.467 -2.82529473e-01  7.98229031e-02  1.46422862e-01    1.075556
  1.500 -3.16778725e-01  1.00348761e-01  1.47939175e-01    1.125000
  1.533 -3.49357505e-01  1.22050666e-01  1.49539321e-01    1.175556
  1.567 -3.80133146e-01  1.44501209e-01  1.51229492e-01    1.227222
  1.600 -4.08990338e-01  1.67273096e-01  1.53016577e-01    1.280000
  1.633 -4.35831303e-01  1.89948924e-01  1.54908266e-01    1.333889
  1.667 -4.60575804e-01  2.12130071e-01  1.56913171e-01    1.388889
  1.700 -4.83161000e-01  2.33444552e-01  1.59040971e-01    1.445000
  1.733 -5.03541145e-01  2.53553685e-01  1.61302585e-01    1.502222
  1.767 -5.21687153e-01  2.72157485e-01  1.63710384e-01    1.560556
  1.800 -5.37586033e-01  2.88998743e-01  1.66278446e-01    1.620000
  1.833 -5.51240212e-01  3.03865772e-01  1.69022867e-01    1.680556
  1.867 -5.62666754e-01  3.16593876e-01  1.71962147e-01    1.742222
  1.900 -5.71896484e-01  3.27065588e-01  1.75117670e-01    1.805000
  1.933 -5.78973049e-01  3.35209791e-01  1.78514305e-01    1.868889
  1.967 -5.83951905e-01  3.40999828e-01  1.82181169e-01    1.933889
  2.000 -5.86899264e-01  3.44450746e-01  1.86152601e-01    2.000000
  2.033 -5.87890998e-01  3.45615825e-01  1.90469432e-01    2.067222
  2.067 -5.87011528e-01  3.44582534e-01  1.95180641e-01    2.135556
  2.100 -5.84352700e-01  3.41468078e-01  2.00345569e-01    2.205000
  2.133 -5.80012661e-01  3.36414687e-01  2.06036914e-01    2.275556
  2.167 -5.74094750e-01  3.29584782e-01  2.12344847e-01    2.347222
  2.200 -5.66706412e-01  3.21156157e-01  2.19382805e-01    2.420000
  2.233 -5.57958141e-01  3.11317288e-01  2.27295803e-01    2.493889
  2.267 -5.47962470e-01  3.00262868e-01  2.36272703e-01    2.568889
  2.300 -5.36832996e-01  2.88189665e-01  2.46564839e-01    2.645000
  2.333 -5.24683474e-01  2.75292748e-01  2.58515337e-01    2.722222
  2.367 -5.11626962e-01  2.61762149e-01  2.72607194e-01    2.800556
  2.400 -4.97775028e-01  2.47779978e-01  2.89546211e-01    2.880000
  2.433 -4.83237024e-01  2.33518022e-01  3.10413150e-01    2.960556
  2.467 -4.68119440e-01  2.19135810e-01  3.36965756e-01    3.042222
  2.500 -4.52525309e-01  2.04779156e-01  3.72303376e-01    3.125000
  2.533 -4.36553701e-01  1.90579134e-01  4.22554176e-01    3.208889
  2.567 -4.20299277e-01  1.76651482e-01  5.02180191e-01    3.293889
  2.600 -4.03851916e-01  1.63096370e-01  6.58136456e-01    3.380000
  2.633 -3.87296414e-01  1.49998512e-01  1.25919560e+00    3.467222
  2.667 -3.70712237e-01  1.37427563e-01  0.00000000e+00    3.555556
  2.700 -3.54173823e-01  1.25439097e-01  0.00000000e+00    3.645000
  2.733 -3.37749055e-01  1.14074424e-01  0.00000000e+00    3.735556
  2.767 -3.21500606e-01  1.03362640e-01  0.00000000e+00    3.827222
  2.800 -3.05485466e-01  9.33213697e-02  0.00000000e+00    3.920000
  2.833 -2.89754978e-01  8.39579472e-02  0.00000000e+00    4.013889
  2.867 -2.74354926e-01  7.52706257e-02  0.00000000e+00    4.108889
  2.900 -2.59325658e-01  6.72497968e-02  0.00000000e+00    4.205000
  2.933 -2.44702239e-01  5.98791857e-02  0.00000000e+00    4.302222
  2.967 -2.30514645e-01  5.31370017e-02  0.00000000e+00    4.400556
  3.000 -2.16787976e-01  4.69970267e-02  0.00000000e+00    4.500000
  3.033 -2.03542690e-01  4.14296268e-02  0.00000000e+00    4.600556
  3.067 -1.90794859e-01  3.64026782e-02  0.00000000e+00    4.702222
  3.100 -1.78556433e-01  3.18823999e-02  0.00000000e+00    4.805000
  3.133 -1.66835523e-01  2.78340918e-02  0.00000000e+00    4.908889
  3.167 -1.55636678e-01  2.42227754e-02  0.00000000e+00    5.013889
  3.200 -1.44961174e-01  2.10137420e-02  0.00000000e+00    5.120000
  3.233 -1.34807304e-01  1.81730093e-02  0.00000000e+00    5.227222
  3.267 -1.25170658e-01  1.56676937e-02  0.00000000e+00    5.335556
  3.300 -1.16044405e-01  1.34663038e-02  0.00000000e+00    5.445000
  3.333 -1.07419562e-01  1.15389623e-02  0.00000000e+00    5.555556
  3.367 -9.92852645e-02  9.85756374e-03  0.00000000e+00    5.667222
  3.400 -9.16290127e-02  8.39587597e-03  0.00000000e+00    5.780000
  3.433 -8.44369168e-02  7.12959293e-03  0.00000000e+00    5.893889
  3.467 -7.76939248e-02  6.03634595e-03  0.00000000e+00    6.008889
  3.500 -7.13840374e-02  5.09568080e-03  0.00000000e+00    6.125000
  3.533 -6.54905097e-02  4.28900686e-03  0.00000000e+00    6.242222
  3.567 -5.99960368e-02  3.59952443e-03  0.00000000e+00    6.360556
  3.600 -5.48829264e-02  3.01213561e-03  0.00000000e+00    6.480000
  3.633 -5.01332550e-02  2.51334326e-03  0.00000000e+00    6.600556
  3.667 -4.57290108e-02  2.09114243e-03  0.00000000e+00    6.722222
  3.700 -4.16522212e-02  1.73490753e-03  0.00000000e+00    6.845000
  3.733 -3.78850673e-02  1.43527833e-03  0.00000000e+00    6.968889
  3.767 -3.44099840e-02  1.18404700e-03  0.00000000e+00    7.093889
  3.800 -3.12097477e-02  9.74048349e-04  0.00000000e+00    7.220000
  3.833 -2.82675517e-02  7.99054479e-04  0.00000000e+00    7.347222
  3.867 -2.55670701e-02  6.53675072e-04  0.00000000e+00    7.475556
  3.900 -2.30925103e-02  5.33264031e-04  0.00000000e+00    7.605000
  3.933 -2.08286561e-02  4.33832916e-04  0.00000000e+00    7.735556
  3.967 -1.87609012e-02  3.51971414e-04  0.00000000e+00    7.867222
  4.000 -1.68752738e-02  2.84774867e-04  0.00000000e+00    8.000000
  4.033 -1.51584542e-02  2.29778735e-04  0.00000000e+00    8.133889
  4.067 -1.35977847e-02  1.84899748e-04  0.00000000e+00    8.268889
  4.100 -1.21812733e-02  1.48383418e-04  0.00000000e+00    8.405000
  4.133 -1.08975924e-02  1.18757521e-04  0.00000000e+00    8.542222
  4.167 -9.73607230e-03  9.47911038e-05  0.00000000e+00    8.680556
  4.200 -8.68668980e-03  7.54585797e-05  0.00000000e+00    8.820000
  4.233 -7.74005446e-03  5.99084430e-05  0.00000000e+00    8.960556
  4.267 -6.88739086e-03  4.74361528e-05  0.00000000e+00    9.102222
  4.300 -6.12051872e-03  3.74607494e-05  0.00000000e+00    9.245000
  4.333 -5.43183095e-03  2.95047875e-05  0.00000000e+00    9.388889
  4.367 -4.81427010e-03  2.31771966e-05  0.00000000e+00    9.533889
  4.400 -4.26130363e-03  1.81587087e-05  0.00000000e+00    9.680000
  4.433 -3.76689849e-03  1.41895242e-05  0.00000000e+00    9.827222
  4.467 -3.32549502e-03  1.10589171e-05  0.00000000e+00    9.975556
  4.500 -2.93198090e-03  8.59651200e-06  0.00000000e+00   10.125000
  4.533 -2.58166497e-03  6.66499400e-06  0.00000000e+00   10.275556
  4.567 -2.27025142e-03  5.15404152e-06  0.00000000e+00   10.427222
  4.600 -1.99381448e-03  3.97529617e-06  0.00000000e+00   10.580000
  4.633 -1.74877363e-03  3.05820921e-06  0.00000000e+00   10.733889
  4.667 -1.53186968e-03  2.34662472e-06  0.00000000e+00   10.888889
  4.700 -1.34014163e-03  1.79597960e-06  0.00000000e+00   11.045000
  4.733 -1.17090451e-03  1.37101737e-06  0.00000000e+00   11.202222
  4.767 -1.02172819e-03  1.04392849e-06  0.00000000e+00   11.360556
  4.800 -8.90417263e-04  7.92842903e-07  0.00000000e+00   11.520000
  4.833 -7.74992012e-04  6.00612619e-07  0.00000000e+00   11.680556
  4.867 -6.73670402e-04  4.53831810e-07  0.00000000e+00   11.842222
  4.900 -5.84851211e-04  3.42050939e-07  0.00000000e+00   12.005000
  4.933 -5.07098214e-04  2.57148599e-07  0.00000000e+00   12.168889
  4.967 -4.39125421e-04  1.92831135e-07  0.00000000e+00   12.333889
  5.000 -3.79783341e-04  1.44235386e-07  0.00000000e+00   12.500000
  5.033 -3.28046249e-04  1.07614341e-07  0.00000000e+00   12.667222
  5.067 -2.83000403e-04  8.00892278e-08  0.00000000e+00   12.835556
  5.100 -2.43833177e-04  5.94546180e-08  0.00000000e+00   13.005000
  5.133 -2.09823071e-04  4.40257211e-08  0.00000000e+00   13.175556
  5.167 -1.80330544e-04  3.25191051e-08  0.00000000e+00   13.347222
  5.200 -1.54789625e-04  2.39598281e-08  0.00000000e+00   13.520000
  5.233 -1.32700262e-04  1.76093596e-08  0.00000000e+00   13.693889
  5.267 -1.13621348e-04  1.29098108e-08  0.00000000e+00   13.868889
  5.300 -9.71643969e-05  9.44092003e-09  0.00000000e+00   14.045000
  5.333 -8.29878011e-05  6.88697512e-09  0.00000000e+00   14.222222
  5.367 -7.07916493e-05  5.01145761e-09  0.00000000e+00   14.400556
  5.400 -6.03130460e-05  3.63766351e-09  0.00000000e+00   14.580000
  5.433 -5.13218987e-05  2.63393729e-09  0.00000000e+00   14.760556
  5.467 -4.36171355e-05  1.90245451e-09  0.00000000e+00   14.942222
  5.500 -3.70233123e-05  1.37072565e-09  0.00000000e+00   15.125000
  5.533 -3.13875793e-05  9.85180134e-10  0.00000000e+00   15.308889
  5.567 -2.65769722e-05  7.06335451e-10  0.00000000e+00   15.493889
  5.600 -2.24759986e-05  5.05170513e-10  0.00000000e+00   15.680000
  5.633 -1.89844921e-05  3.60410939e-10  0.00000000e+00   15.867222
  5.667 -1.60157072e-05  2.56502876e-10  0.00000000e+00   16.055556
  5.700 -1.34946324e-05  1.82105104e-10  0.00000000e+00   16.245000
  5.733 -1.13564981e-05  1.28970050e-10  0.00000000e+00   16.435556
  5.767 -9.54546017e-06  9.11158099e-11  0.00000000e+00   16.627222
  5.800 -8.01343977e-06  6.42152169e-11  0.00000000e+00   16.820000
  5.833 -6.71910386e-06  4.51463566e-11  0.00000000e+00   17.013889
  5.867 -5.62696986e-06  3.16627899e-11  0.00000000e+00   17.208889
  5.900 -4.70662134e-06  2.21522844e-11  0.00000000e+00   17.405000
  5.933 -3.93202192e-06  1.54607963e-11  0.00000000e+00   17.602222
  5.967 -3.28091633e-06  1.07644120e-11  0.00000000e+00   17.800556
  6.000 -2.73430830e-06  7.47644190e-12  0.00000000e+00   18.000000
  6.033 -2.27600621e-06  5.18020425e-12  0.00000000e+00   18.200556
  6.067 -1.89222842e-06  3.58052840e-12  0.00000000e+00   18.402222
  6.100 -1.57126109e-06  2.46886141e-12  0.00000000e+00   18.605000
  6.133 -1.30316177e-06  1.69823059e-12  0.00000000e+00   18.808889
  6.167 -1.07950331e-06  1.16532741e-12  0.00000000e+00   19.013889
  6.200 -8.93152863e-07  7.97722037e-13  0.00000000e+00   19.220000
  6.233 -7.38081386e-07  5.44764132e-13  0.00000000e+00   19.427222
  6.267 -6.09199901e-07  3.71124519e-13  0.00000000e+00   19.635556
  6.300 -5.02218806e-07  2.52223729e-13  0.00000000e+00   19.845000
  6.333 -4.13527264e-07  1.71004798e-13  0.00000000e+00   20.055556
  6.367 -3.40089952e-07  1.15661176e-13  0.00000000e+00   20.267222
  6.400 -2.79358808e-07  7.80413435e-14  0.00000000e+00   20.480000
  6.433 -2.29197714e-07  5.25315920e-14  0.00000000e+00   20.693889
  6.467 -1.87818325e-07  3.52757232e-14  0.00000000e+00   20.908889
  6.500 -1.53725470e-07  2.36315202e-14  0.00000000e+00   21.125000
  6.533 -1.25670775e-07  1.57931436e-14  0.00000000e+00   21.342222
  6.567 -1.02613323e-07  1.05294940e-14  0.00000000e+00   21.560556
  6.600 -8.36863456e-08  7.00340444e-15  0.00000000e+00   21.780000
  6.633 -6.81690494e-08  4.64701930e-15  0.00000000e+00   22.000556
  6.667 -5.54628315e-08  3.07612567e-15  0.00000000e+00   22.222222
  6.700 -4.50712267e-08  2.03141548e-15  0.00000000e+00   22.445000
  6.733 -3.65830265e-08  1.33831783e-15  0.00000000e+00   22.668889
  6.767 -2.96580888e-08  8.79602230e-16  0.00000000e+00   22.893889
  6.800 -2.40154277e-08  5.76740767e-16  0.00000000e+00   23.120000
  6.833 -1.94232311e-08  3.77261906e-16  0.00000000e+00   23.347222
  6.867 -1.56905066e-08  2.46191996e-16  0.00000000e+00   23.575556
  6.900 -1.26600998e-08  1.60278127e-16  0.00000000e+00   23.805000
  6.933 -1.02028689e-08  1.04098534e-16  0.00000000e+00   24.035556
  6.967 -8.21282989e-09  6.74505748e-17  0.00000000e+00   24.267222
  7.000 -6.60311740e-09  4.36011594e-17  0.00000000e+00   24.500000
  7.033 -5.30262850e-09  2.81178690e-17  0.00000000e+00   24.733889
  7.067 -4.25323805e-09  1.80900339e-17  0.00000000e+00   24.968889
  7.100 -3.40749163e-09  1.16109992e-17  0.00000000e+00   25.205000
  7.133 -2.72669668e-09  7.43487480e-18  0.00000000e+00   25.442222
  7.167 -2.17934551e-09  4.74954684e-18  0.00000000e+00   25.680556
  7.200 -1.73981419e-09  3.02695342e-18  0.00000000e+00   25.920000
  7.233 -1.38729067e-09  1.92457541e-18  0.00000000e+00   26.160556
  7.267 -1.10489286e-09  1.22078823e-18  0.00000000e+00   26.402222
  7.300 -8.78944105e-10  7.72542739e-19  0.00000000e+00   26.645000
  7.333 -6.98378749e-10  4.87732877e-19  0.00000000e+00   26.888889
  7.367 -5.54255126e-10  3.07198745e-19  0.00000000e+00   27.133889
  7.400 -4.39357088e-10  1.93034651e-19  0.00000000e+00   27.380000
  7.433 -3.47868448e-10  1.21012457e-19  0.00000000e+00   27.627222
  7.467 -2.75107347e-10  7.56840524e-20  0.00000000e+00   27.875556
  7.500 -2.17309817e-10  4.72235567e-20  0.00000000e+00   28.125000
  7.533 -1.71453663e-10  2.93963586e-20  0.00000000e+00   28.375556
  7.567 -1.35115355e-10  1.82561592e-20  0.00000000e+00   28.627222
  7.600 -1.06353898e-10  1.13111517e-20  0.00000000e+00   28.880000
  7.633 -8.36167204e-11  6.99175593e-21  0.00000000e+00   29.133889
  7.667 -6.56635110e-11  4.31169668e-21  0.00000000e+00   29.388889
  7.700 -5.15046648e-11  2.65273049e-21  0.00000000e+00   29.645000
  7.733 -4.03515998e-11  1.62825160e-21  0.00000000e+00   29.902222
  7.767 -3.15767123e-11  9.97088762e-22  0.00000000e+00   30.160556
  7.800 -2.46811422e-11  6.09158780e-22  0.00000000e+00   30.420000
  7.833 -1.92688596e-11  3.71288952e-22  0.00000000e+00   30.680556
  7.867 -1.50258625e-11  2.25776544e-22  0.00000000e+00   30.942222
  7.900 -1.17034975e-11  1.36971854e-22  0.00000000e+00   31.205000
  7.933 -9.10510584e-12  8.29029523e-23  0.00000000e+00   31.468889
  7.967 -7.07534496e-12  5.00605064e-23  0.00000000e+00   31.733889
  8.000 -5.49166125e-12  3.01583433e-23  0.00000000e+00   32.000000
  8.033 -4.25748935e-12  1.81262155e-23  0.00000000e+00   32.267222
  8.067 -3.29683577e-12  1.08691261e-23  0.00000000e+00   32.535556
  8.100 -2.54997061e-12  6.50235011e-24  0.00000000e+00   32.805000
  8.133 -1.97000511e-12  3.88092014e-24  0.00000000e+00   33.075556
  8.167 -1.52017661e-12  2.31093692e-24  0.00000000e+00   33.347222
  8.200 -1.17169735e-12  1.37287468e-24  0.00000000e+00   33.620000
  8.233 -9.02052371e-13  8.13698480e-25  0.00000000e+00   33.893889
  8.267 -6.93654405e-13  4.81156434e-25  0.00000000e+00   34.168889
  8.300 -5.32782344e-13  2.83857026e-25  0.00000000e+00   34.445000
  8.333 -4.08744540e-13  1.67072099e-25  0.00000000e+00   34.722222
  8.367 -3.13220192e-13  9.81068889e-26  0.00000000e+00   35.000556
  8.400 -2.39741582e-13  5.74760262e-26  0.00000000e+00   35.280000
  8.433 -1.83287559e-13  3.35943294e-26  0.00000000e+00   35.560556
  8.467 -1.39964788e-13  1.95901419e-26  0.00000000e+00   35.842222
  8.500 -1.06758128e-13  1.13972978e-26  0.00000000e+00   36.125000
  8.533 -8.13354051e-14  6.61544812e-27  0.00000000e+00   36.408889
  8.567 -6.18949213e-14  3.83098129e-27  0.00000000e+00   36.693889
  8.600 -4.70464936e-14  2.21337256e-27  0.00000000e+00   36.980000
  8.633 -3.57187732e-14  1.27583076e-27  0.00000000e+00   37.267222
  8.667 -2.70871305e-14  7.33712640e-28  0.00000000e+00   37.555556
  8.700 -2.05176123e-14  4.20972416e-28  0.00000000e+00   37.845000
  8.733 -1.55234466e-14  2.40977395e-28  0.00000000e+00   38.135556
  8.767 -1.17313274e-14  1.37624042e-28  0.00000000e+00   38.427222
  8.800 -8.85531433e-15  7.84165919e-29  0.00000000e+00   38.720000
  8.833 -6.67665273e-15  4.45776917e-29  0.00000000e+00   39.013889
  8.867 -5.02819052e-15  2.52826999e-29  0.00000000e+00   39.308889
  8.900 -3.78236070e-15  1.43062525e-29  0.00000000e+00   39.605000
  8.933 -2.84192484e-15  8.07653682e-30  0.00000000e+00   39.902222
  8.967 -2.13285244e-15  4.54905952e-30  0.00000000e+00   40.200556
  9.000 -1.59885011e-15  2.55632166e-30  0.00000000e+00   40.500000
  9.033 -1.19716373e-15  1.43320101e-30  0.00000000e+00   40.800556
  9.067 -8.95361378e-16  8.01671997e-31  0.00000000e+00   41.102222
  9.100 -6.68870900e-16  4.47388281e-31  0.00000000e+00   41.405000
  9.133 -4.99097649e-16  2.49098463e-31  0.00000000e+00   41.708889
  9.167 -3.71987335e-16  1.38374578e-31  0.00000000e+00   42.013889
  9.200 -2.76930200e-16  7.66903359e-32  0.00000000e+00   42.320000
  9.233 -2.05926454e-16  4.24057044e-32  0.00000000e+00   42.627222
  9.267 -1.52951494e-16  2.33941594e-32  0.00000000e+00   42.935556
  9.300 -1.13473682e-16  1.28762765e-32  0.00000000e+00   43.245000
  9.333 -8.40884718e-17  7.07087109e-33  0.00000000e+00   43.555556
  9.367 -6.22411529e-17  3.87396111e-33  0.00000000e+00   43.867222
  9.400 -4.60170198e-17  2.11756611e-33  0.00000000e+00   44.180000
  9.433 -3.39827587e-17  1.15482789e-33  0.00000000e+00   44.493889
  9.467 -2.50667017e-17  6.28339534e-34  0.00000000e+00   44.808889
  9.500 -1.84685360e-17  3.41086821e-34  0.00000000e+00   45.125000
  9.533 -1.35913062e-17  1.84723605e-34  0.00000000e+00   45.442222
  9.567 -9.99026945e-18  9.98054837e-35  0.00000000e+00   45.760556
  9.600 -7.33447235e-18  5.37944847e-35  0.00000000e+00   46.080000
  9.633 -5.37792119e-18  2.89220363e-35  0.00000000e+00   46.400556
  9.667 -3.93797513e-18  1.55076482e-35  0.00000000e+00   46.722222
  9.700 -2.87917158e-18  8.28962896e-36  0.00000000e+00   47.045000
  9.733 -2.10113050e-18  4.41474936e-36  0.00000000e+00   47.368889
  9.767 -1.52951744e-18  2.33942360e-36  0.00000000e+00   47.693889
  9.800 -1.10929573e-18  1.23053701e-36  0.00000000e+00   48.020000
  9.833 -7.99688369e-19  6.39501487e-37  0.00000000e+00   48.347222
  9.867 -5.70412963e-19  3.25370948e-37  0.00000000e+00   48.675556
  9.900 -3.98859986e-19  1.59089289e-37  0.00000000e+00   49.005000
  9.933 -2.67964834e-19  7.18051522e-38  0.00000000e+00   49.335556
  9.967 -1.64582944e-19  2.70875454e-38  0.00000000e+00   49.667222
 10.000 -7.82201122e-20  6.11838595e-39  0.00000000e+00   50.000000
