-10.000  9.52677288e-17  9.07594015e-33  0.00000000e+00   50.000000
 -9.967  1.99591942e-16  3.98369434e-32  0.00000000e+00   49.667222
 -9.933  3.22752036e-16  1.04168877e-31  0.00000000e+00   49.335556
 -9.900  4.76134964e-16  2.26704504e-31  0.00000000e+00   49.005000
 -9.867  6.73752043e-16  4.53941816e-31  0.00000000e+00   48.675556
 -9.833  9.33464030e-16  8.71355095e-31  0.00000000e+00   48.347222
 -9.800  1.27851707e-15  1.63460590e-30  0.00000000e+00   48.020000
 -9.767  1.73951499e-15  3.02591239e-30  0.00000000e+00   47.693889
 -9.733  2.35698596e-15  5.55538283e-30  0.00000000e+00   47.368889
 -9.700  3.18474632e-15  1.01426091e-29  0.00000000e+00   47.045000
 -9.667  4.29432354e-15  1.84412146e-29  0.00000000e+00   46.722222
 -9.633  5.78077949e-15  3.34174115e-29  0.00000000e+00   46.400556
 -9.600  7.77037786e-15  6.03787722e-29  0.00000000e+00   46.080000
 -9.567  1.04306744e-14  1.08798969e-28  0.00000000e+00   45.760556
 -9.533  1.39837840e-14  1.95546216e-28  0.00000000e+00   45.442222
 -9.500  1.87238055e-14  3.50580892e-28  0.00000000e+00   45.125000
 -9.467  2.50396805e-14  6.26985600e-28  0.00000000e+00   44.808889
 -9.433  3.34451433e-14  1.11857761e-27  0.00000000e+00   44.493889
 -9.400  4.46179107e-14  1.99075796e-27  0.00000000e+00   44.180000
 -9.367  5.94508961e-14  3.53440904e-27  0.00000000e+00   43.867222
 -9.333  7.91190484e-14  6.25982382e-27  0.00000000e+00   43.555556
 -9.300  1.05166469e-13  1.10599861e-26  0.00000000e+00   43.245000
 -9.267  1.39619803e-13  1.94936893e-26  0.00000000e+00   42.935556
 -9.233  1.85135641e-13  3.42752054e-26  0.00000000e+00   42.627222
 -9.200  2.45191864e-13  6.01190502e-26  0.00000000e+00   42.320000
 -9.167  3.24335713e-13  1.05193655e-25  0.00000000e+00   42.013889
 -9.133  4.28504953e-13  1.83616495e-25  0.00000000e+00   41.708889
 -9.100  5.65443117e-13  3.19725918e-25  0.00000000e+00   41.405000
 -9.067  7.45235671e-13  5.55376205e-25  0.00000000e+00   41.102222
 -9.033  9.81001362e-13  9.62363672e-25  0.00000000e+00   40.800556
 -9.000  1.28978247e-12  1.66353881e-24  0.00000000e+00   40.500000
 -8.967  1.69368961e-12  2.86858451e-24  0.00000000e+00   40.200556
 -8.933  2.22137195e-12  4.93449333e-24  0.00000000e+00   39.902222
 -8.900  2.90990257e-12  8.46753296e-24  0.00000000e+00   39.605000
 -8.867  3.80719319e-12  1.44947200e-23  0.00000000e+00   39.308889
 -8.833  4.97508238e-12  2.47514447e-23  0.00000000e+00   39.013889
 -8.800  6.49327979e-12  4.21626824e-23  0.00000000e+00   38.720000
 -8.767  8.46439683e-12  7.16460137e-23  0.00000000e+00   38.427222
 -8.733  1.10203541e-11  1.21448204e-22  0.00000000e+00   38.135556
 -8.700  1.43305310e-11  2.05364119e-22  0.00000000e+00   37.845000
 -8.667  1.86121174e-11  3.46410914e-22  0.00000000e+00   37.555556
 -8.633  2.41432429e-11  5.82896178e-22  0.00000000e+00   37.267222
 -8.600  3.12796076e-11  9.78413852e-22  0.00000000e+00   36.980000
 -8.567  4.04755170e-11  1.63826748e-21  0.00000000e+00   36.693889
 -8.533  5.23104514e-11  2.73638333e-21  0.00000000e+00   36.408889
 -8.500  6.75225781e-11  4.55929856e-21  0.00000000e+00   36.125000
 -8.467  8.70509620e-11  7.57786998e-21  0.00000000e+00   35.842222
 -8.433  1.12088656e-10  1.25638668e-20  0.00000000e+00   35.560556
 -8.400  1.44149384e-10  2.07790448e-20  0.00000000e+00   35.280000
 -8.367  1.85151170e-10  3.42809559e-20  0.00000000e+00   35.000556
 -8.333  2.37521089e-10  5.64162676e-20  0.00000000e+00   34.722222
 -8.300  3.04326254e-10  9.26144691e-20  0.00000000e+00   34.445000
 -8.267  3.89437421e-10  1.51661505e-19  0.00000000e+00   34.168889
 -8.233  4.97732993e-10  2.47738132e-19  0.00000000e+00   33.893889
 -8.200  6.35353074e-10  4.03673529e-19  0.00000000e+00   33.620000
 -8.167  8.10015366e-10  6.56124893e-19  0.00000000e+00   33.347222
 -8.133  1.03140741e-09  1.06380125e-18  0.00000000e+00   33.075556
 -8.100  1.31167291e-09  1.72048581e-18  0.00000000e+00   32.805000
 -8.067  1.66601380e-09  2.77560198e-18  0.00000000e+00   32.535556
 -8.033  2.11343460e-09  4.46660581e-18  0.00000000e+00   32.267222
 -8.000  2.67766118e-09  7.16986938e-18  0.00000000e+00   32.000000
 -7.967  3.38827327e-09  1.14803957e-17  0.00000000e+00   31.733889
 -7.933  4.28209832e-09  1.83363660e-17  0.00000000e+00   31.468889
 -7.900  5.40492447e-09  2.92132085e-17  0.00000000e+00   31.205000
 -7.867  6.81360249e-09  4.64251789e-17  0.00000000e+00   30.942222
 -7.833  8.57862132e-09  7.35927437e-17  0.00000000e+00   30.680556
 -7.800  1.07872589e-08  1.16364956e-16  0.00000000e+00   30.420000
 -7.767  1.35474315e-08  1.83532900e-16  0.00000000e+00   30.160556
 -7.733  1.69923881e-08  2.88741252e-16  0.00000000e+00   29.902222
 -7.700  2.12864283e-08  4.53112029e-16  0.00000000e+00   29.645000
 -7.667  2.66318550e-08  7.09255703e-16  0.00000000e+00   29.388889
 -7.633  3.32774157e-08  1.10738640e-15  0.00000000e+00   29.133889
 -7.600  4.15285355e-08  1.72461926e-15  0.00000000e+00   28.880000
 -7.567  5.17597028e-08  2.67906684e-15  0.00000000e+00   28.627222
 -7.533  6.44294377e-08  4.15115245e-15  0.00000000e+00   28.375556
 -7.500  8.00983516e-08  6.41574592e-15  0.00000000e+00   28.125000
 -7.467  9.94509039e-08  9.89048228e-15  0.00000000e+00   27.875556
 -7.433  1.23321570e-07  1.52082097e-14  0.00000000e+00   27.627222
 -7.400  1.52726268e-07  2.33253128e-14  0.00000000e+00   27.380000
 -7.367  1.88900027e-07  3.56832201e-14  0.00000000e+00   27.133889
 -7.333  2.33342092e-07  5.44485318e-14  0.00000000e+00   26.888889
 -7.300  2.87869811e-07  8.28690283e-14  0.00000000e+00   26.645000
 -7.267  3.54682938e-07  1.25799986e-13  0.00000000e+00   26.402222
 -7.233  4.36440216e-07  1.90480062e-13  0.00000000e+00   26.160556
 -7.200  5.36350460e-07  2.87671816e-13  0.00000000e+00   25.920000
 -7.167  6.58280675e-07  4.33333447e-13  0.00000000e+00   25.680556
 -7.133  8.06884208e-07  6.51062125e-13  0.00000000e+00   25.442222
 -7.100  9.87752365e-07  9.75654735e-13  0.00000000e+00   25.205000
 -7.067  1.20759351e-06  1.45828207e-12  0.00000000e+00   24.968889
 -7.033  1.47444421e-06  2.17398573e-12  0.00000000e+00   24.733889
 -7.000  1.79791786e-06  3.23250864e-12  0.00000000e+00   24.500000
 -6.967  2.18949672e-06  4.79389589e-12  0.00000000e+00   24.267222
 -6.933  2.66287453e-06  7.09090079e-12  0.00000000e+00   24.035556
 -6.900  3.23435770e-06  1.04610697e-11  0.00000000e+00   23.805000
 -6.867  3.92333415e-06  1.53925509e-11  0.00000000e+00   23.575556
 -6.833  4.75282036e-06  2.25893014e-11  0.00000000e+00   23.347222
 -6.800  5.75009843e-06  3.30636319e-11  0.00000000e+00   23.120000
 -6.767  6.94745657e-06  4.82671528e-11  0.00000000e+00   22.893889
 -6.733  8.38304830e-06  7.02754988e-11  0.00000000e+00   22.668889
 -6.700  1.01018874e-05  1.02048129e-10  0.00000000e+00   22.445000
 -6.667  1.21569980e-05  1.47792600e-10  0.00000000e+00   22.222222
 -6.633  1.46107412e-05  2.13473758e-10  0.00000000e+00   22.000556
 -6.600  1.75363427e-05  3.07523315e-10  0.00000000e+00   21.780000
 -6.567  2.10196480e-05  4.41825600e-10  0.00000000e+00   21.560556
 -6.533  2.51611353e-05  6.33082728e-10  0.00000000e+00   21.342222
 -6.500  3.00782193e-05  9.04699277e-10  0.00000000e+00   21.125000
 -6.467  3.59078823e-05  1.28937601e-09  0.00000000e+00   20.908889
 -6.433  4.28096726e-05  1.83266807e-09  0.00000000e+00   20.693889
 -6.400  5.09691152e-05  2.59785070e-09  0.00000000e+00   20.480000
 -6.367  6.06015814e-05  3.67255167e-09  0.00000000e+00   20.267222
 -6.333  7.19566717e-05  5.17776261e-09  0.00000000e+00   20.055556
 -6.300  8.53231665e-05  7.28004273e-09  0.00000000e+00   19.845000
 -6.267  1.01034607e-04  1.02079918e-08  0.00000000e+00   19.635556
 -6.233  1.19475571e-04  1.42744122e-08  0.00000000e+00   19.427222
 -6.200  1.41088718e-04  1.99060263e-08  0.00000000e+00   19.220000
 -6.167  1.66382662e-04  2.76831904e-08  0.00000000e+00   19.013889
 -6.133  1.95940781e-04  3.83927895e-08  0.00000000e+00   18.808889
 -6.100  2.30431003e-04  5.30984470e-08  0.00000000e+00   18.605000
 -6.067  2.70616696e-04  7.32333962e-08  0.00000000e+00   18.402222
 -6.033  3.17368718e-04  1.00722903e-07  0.00000000e+00   18.200556
 -6.000  3.71678730e-04  1.38145079e-07  0.00000000e+00   18.000000
 -5.967  4.34673862e-04  1.88941367e-07  0.00000000e+00   17.800556
 -5.933  5.07632817e-04  2.57691077e-07  0.00000000e+00   17.602222
 -5.900  5.92003501e-04  3.50468146e-07  0.00000000e+00   17.405000
 -5.867  6.89422270e-04  4.75303066e-07  0.00000000e+00   17.208889
 -5.833  8.01734855e-04  6.42778778e-07  0.00000000e+00   17.013889
 -5.800  9.31019058e-04  8.66796487e-07  0.00000000e+00   16.820000
 -5.767  1.07960926e-03  1.16555615e-06  0.00000000e+00   16.627222
 -5.733  1.25012277e-03  1.56280694e-06  0.00000000e+00   16.435556
 -5.700  1.44548813e-03  2.08943593e-06  0.00000000e+00   16.245000
 -5.667  1.66897523e-03  2.78547831e-06  0.00000000e+00   16.055556
 -5.633  1.92422737e-03  3.70265098e-06  0.00000000e+00   15.867222
 -5.600  2.21529514e-03  4.90753256e-06  0.00000000e+00   15.680000
 -5.567  2.54667203e-03  6.48553844e-06  0.00000000e+00   15.493889
 -5.533  2.92333171e-03  8.54586831e-06  0.00000000e+00   15.308889
 -5.500  3.35076676e-03  1.12276379e-05  0.00000000e+00   15.125000
 -5.467  3.83502863e-03  1.47074446e-05  0.00000000e+00   14.942222
 -5.433  4.38276866e-03  1.92086611e-05  0.00000000e+00   14.760556
 -5.400  5.00127966e-03  2.50127982e-05  0.00000000e+00   14.580000
 -5.367  5.69853783e-03  3.24733334e-05  0.00000000e+00   14.400556
 -5.333  6.48324439e-03  4.20324579e-05  0.00000000e+00   14.222222
 -5.300  7.36486648e-03  5.42412582e-05  0.00000000e+00   14.045000
 -5.267  8.35367662e-03  6.97839130e-05  0.00000000e+00   13.868889
 -5.233  9.46079009e-03  8.95065491e-05  0.00000000e+00   13.693889
 -5.200  1.06981993e-02  1.14451468e-04  0.00000000e+00   13.520000
 -5.167  1.20788044e-02  1.45897515e-04  0.00000000e+00   13.347222
 -5.133  1.36164386e-02  1.85407401e-04  0.00000000e+00   13.175556
 -5.100  1.53258885e-02  2.34882858e-04  0.00000000e+00   13.005000
 -5.067  1.72229057e-02  2.96628482e-04  0.00000000e+00   12.835556
 -5.033  1.93242115e-02  3.73425151e-04  0.00000000e+00   12.667222
 -5.000  2.16474905e-02  4.68613843e-04  0.00000000e+00   12.500000
 -4.967  2.42113732e-02  5.86190594e-04  0.00000000e+00   12.333889
 -4.933  2.70354064e-02  7.30913200e-04  0.00000000e+00   12.168889
 -4.900  3.01400076e-02  9.08420058e-04  0.00000000e+00   12.005000
 -4.867  3.35464045e-02  1.12536125e-03  0.00000000e+00   11.842222
 -4.833  3.72765560e-02  1.38954162e-03  0.00000000e+00   11.680556
 -4.800  4.13530537e-02  1.71007505e-03  0.00000000e+00   11.520000
 -4.767  4.57990027e-02  2.09754865e-03  0.00000000e+00   11.360556
 -4.733  5.06378786e-02  2.56419475e-03  0.00000000e+00   11.202222
 -4.700  5.58933610e-02  3.12406780e-03  0.00000000e+00   11.045000
 -4.667  6.15891411e-02  3.79322230e-03  0.00000000e+00   10.888889
 -4.633  6.77487022e-02  4.58988665e-03  0.00000000e+00   10.733889
 -4.600  7.43950724e-02  5.53462680e-03  0.00000000e+00   10.580000
 -4.567  8.15505486e-02  6.65049198e-03  0.00000000e+00   10.427222
 -4.533  8.92363911e-02  7.96313349e-03  0.00000000e+00   10.275556
 -4.500  9.74724895e-02  9.50088621e-03  0.00000000e+00   10.125000
 -4.467  1.06276999e-01  1.12948006e-02  0.00000000e+00    9.975556
 -4.433  1.15665951e-01  1.33786122e-02  0.00000000e+00    9.827222
 -4.400  1.25652831e-01  1.57886340e-02  0.00000000e+00    9.680000
 -4.367  1.36248141e-01  1.85635558e-02  0.00000000e+00    9.533889
 -4.333  1.47458929e-01  2.17441356e-02  0.00000000e+00    9.388889
 -4.300  1.59288309e-01  2.53727653e-02  0.00000000e+00    9.245000
 -4.267  1.71734960e-01  2.94928965e-02  0.00000000e+00    9.102222
 -4.233  1.84792615e-01  3.41483106e-02  0.00000000e+00    8.960556
 -4.200  1.98449548e-01  3.93822231e-02  0.00000000e+00    8.820000
 -4.167  2.12688057e-01  4.52362096e-02  0.00000000e+00    8.680556
 -4.133  2.27483960e-01  5.17489523e-02  0.00000000e+00    8.542222
 -4.100  2.42806105e-01  5.89548048e-02  0.00000000e+00    8.405000
 -4.067  2.58615901e-01  6.68821845e-02  0.00000000e+00    8.268889
 -4.033  2.74866888e-01  7.55518060e-02  0.00000000e+00    8.133889
 -4.000  2.91504343e-01  8.49747821e-02  0.00000000e+00    8.000000
 -3.967  3.08464949e-01  9.51506250e-02  0.00000000e+00    7.867222
 -3.933  3.25676519e-01  1.06065195e-01  0.00000000e+00    7.735556
 -3.900  3.43057796e-01  1.17688651e-01  0.00000000e+00    7.605000
 -3.867  3.60519117e-01  1.29974033e-01  1.40397701e+00    7.475556
 -3.833  3.77960090e-01  1.42853830e-01  5.61640160e-01    7.347222
 -3.800  3.95271999e-01  1.56239953e-01  4.14870483e-01    7.220000
 -3.767  4.12337244e-01  1.70022003e-01  3.44485025e-01    7.093889
 -3.733  4.29029691e-01  1.84066476e-01  3.01231743e-01    6.968889
 -3.700  4.45215152e-01  1.98216532e-01  2.71252140e-01    6.845000
 -3.667  4.60752018e-01  2.12292423e-01  2.48923745e-01    6.722222
 -3.633  4.75492042e-01  2.26092682e-01  2.31476609e-01    6.600556
 -3.600  4.89281280e-01  2.39396171e-01  2.17367367e-01    6.480000
 -3.567  5.01961197e-01  2.51965043e-01  2.05659117e-01    6.360556
 -3.533  5.13369933e-01  2.63548688e-01  1.95745901e-01    6.242222
 -3.500  5.23343736e-01  2.73888666e-01  1.87216173e-01    6.125000
 -3.467  5.31718546e-01  2.82724612e-01  1.79779336e-01    6.008889
 -3.433  5.38331733e-01  2.89801054e-01  1.73223590e-01    5.893889
 -3.400  5.43023976e-01  2.94875039e-01  1.67390440e-01    5.780000
 -3.367  5.45641275e-01  2.97724401e-01  1.62158608e-01    5.667222
 -3.333  5.46037061e-01  2.98156472e-01  1.57433510e-01    5.555556
 -3.300  5.44074415e-01  2.96016969e-01  1.53140149e-01    5.445000
 -3.267  5.39628344e-01  2.91198749e-01  1.49218196e-01    5.335556
 -3.233  5.32588103e-01  2.83650087e-01  1.45618497e-01    5.227222
 -3.200  5.22859532e-01  2.73382091e-01  1.42300548e-01    5.120000
 -3.167  5.10367375e-01  2.60474857e-01  1.39230635e-01    5.013889
 -3.133  4.95057534e-01  2.45081962e-01  1.36380435e-01    4.908889
 -3.100  4.76899250e-01  2.27432895e-01  1.33725959e-01    4.805000
 -3.067  4.55887136e-01  2.07833081e-01  1.31246737e-01    4.702222
 -3.033  4.32043047e-01  1.86661194e-01  1.28925178e-01    4.600556
 -3.000  4.05417735e-01  1.64363540e-01  1.26746076e-01    4.500000
 -2.967  3.76092254e-01  1.41445384e-01  1.24696204e-01    4.400556
 -2.933  3.44179059e-01  1.18459224e-01  1.22764000e-01    4.302222
 -2.900  3.09822781e-01  9.59901556e-02  1.20939306e-01    4.205000
 -2.867  2.73200625e-01  7.46385815e-02  1.19213155e-01    4.108889
 -2.833  2.34522360e-01  5.50007372e-02  1.17577599e-01    4.013889
 -2.800  1.94029871e-01  3.76475910e-02  1.16025566e-01    3.920000
 -2.767  1.51996253e-01  2.31028610e-02  1.14550738e-01    3.827222
 -2.733  1.08724411e-01  1.18209976e-02  1.13147452e-01    3.735556
 -2.700  6.45451719e-02  4.16607921e-03  1.11810616e-01    3.645000
 -2.667  1.98148832e-02  3.92629595e-04  1.10535636e-01    3.555556
 -2.633 -2.50874866e-02  6.29381983e-04  1.09318358e-01    3.467222
 -2.600 -6.97637467e-02  4.86698035e-03  1.08155010e-01    3.380000
 -2.567 -1.13800359e-01  1.29505216e-02  1.07042165e-01    3.293889
 -2.533 -1.56772761e-01  2.45776986e-02  1.05976697e-01    3.208889
 -2.500 -1.98250107e-01  3.93031049e-02  1.04955750e-01    3.125000
 -2.467 -2.37800370e-01  5.65490162e-02  1.03976708e-01    3.042222
 -2.433 -2.74995764e-01  7.56226701e-02  1.03037170e-01    2.960556
 -2.400 -3.09418403e-01  9.57397483e-02  1.02134929e-01    2.880000
 -2.367 -3.40666150e-01  1.16053426e-01  1.01267951e-01    2.800556
 -2.333 -3.68358548e-01  1.35688020e-01  1.00434359e-01    2.722222
 -2.300 -3.92142767e-01  1.53775949e-01  9.96324187e-02    2.645000
 -2.267 -4.11699461e-01  1.69496447e-01  9.88605221e-02    2.568889
 -2.233 -4.26748455e-01  1.82114244e-01  9.81171794e-02    2.493889
 -2.200 -4.37054134e-01  1.91016316e-01  9.74010064e-02    2.420000
 -2.167 -4.42430466e-01  1.95744718e-01  9.67107157e-02    2.347222
 -2.133 -4.42745536e-01  1.96023609e-01  9.60451079e-02    2.275556
 -2.100 -4.37925497e-01  1.91778741e-01  9.54030650e-02    2.205000
 -2.067 -4.27957858e-01  1.83147929e-01  9.47835425e-02    2.135556
 -2.033 -4.12894004e-01  1.70481459e-01  9.41855643e-02    2.067222
 -2.000 -3.92850877e-01  1.54331812e-01  9.36082169e-02    2.000000
 -1.967 -3.68011754e-01  1.35432651e-01  9.30506442e-02    1.933889
 -1.933 -3.38626059e-01  1.14667608e-01  9.25120434e-02    1.868889
 -1.900 -3.05008171e-01  9.30299844e-02  9.19916609e-02    1.805000
 -1.867 -2.67535193e-01  7.15750796e-02  9.14887885e-02    1.742222
 -1.833 -2.26643686e-01  5.13673602e-02  9.10027602e-02    1.680556
 -1.800 -1.82825356e-01  3.34251108e-02  9.05329490e-02    1.620000
 -1.767 -1.36621741e-01  1.86655002e-02  9.00787643e-02    1.560556
 -1.733 -8.86179223e-02  7.85313615e-03  8.96396493e-02    1.502222
 -1.700 -3.94353346e-02  1.55514562e-03  8.92150785e-02    1.445000
 -1.667  1.02762388e-02  1.05601084e-04  8.88045560e-02    1.388889
 -1.633  5.98473979e-02  3.58171103e-03  8.84076132e-02    1.333889
 -1.600  1.08598456e-01  1.17936247e-02  8.80238071e-02    1.280000
 -1.567  1.55849244e-01  2.42889868e-02  8.76527187e-02    1.227222
 -1.533  2.00929229e-01  4.03725550e-02  8.72939514e-02    1.175556
 -1.500  2.43187806e-01  5.91403091e-02  8.69471299e-02    1.125000
 -1.467  2.82004583e-01  7.95265846e-02  8.66118983e-02    1.075556
 -1.433  3.16799481e-01  1.00361911e-01  8.62879198e-02    1.027222
 -1.400  3.47042493e-01  1.20438492e-01  8.59748746e-02    0.980000
 -1.367  3.72262898e-01  1.38579665e-01  8.56724598e-02    0.933889
 -1.333  3.92057770e-01  1.53709295e-01  8.53803878e-02    0.888889
 -1.300  4.06099621e-01  1.64916902e-01  8.50983858e-02    0.845000
 -1.267  4.14143004e-01  1.71514428e-01  8.48261950e-02    0.802222
 -1.233  4.16029942e-01  1.73080912e-01  8.45635693e-02    0.760556
 -1.200  4.11694054e-01  1.69491994e-01  8.43102755e-02    0.720000
 -1.167  4.01163276e-01  1.60931974e-01  8.40660920e-02    0.680556
 -1.133  3.84561082e-01  1.47887226e-01  8.38308082e-02    0.642222
 -1.100  3.62106147e-01  1.31120862e-01  8.36042245e-02    0.605000
 -1.067  3.34110428e-01  1.11629778e-01  8.33861511e-02    0.568889
 -1.033  3.00975647e-01  9.05863399e-02  8.31764080e-02    0.533889
 -1.000  2.63188200e-01  6.92680288e-02  8.29748241e-02    0.500000
 -0.967  2.21312558e-01  4.89792481e-02  8.27812374e-02    0.467222
 -0.933  1.75983216e-01  3.09700922e-02  8.25954940e-02    0.435556
 -0.900  1.27895335e-01  1.63572168e-02  8.24174480e-02    0.405000
 -0.867  7.77941874e-02  6.05193559e-03  8.22469613e-02    0.375556
 -0.833  2.64635739e-02  7.00320741e-04  8.20839028e-02    0.347222
 -0.800 -2.52865887e-02  6.39411569e-04  8.19281489e-02    0.320000
 -0.767 -7.66333219e-02  5.87266603e-03  8.17795823e-02    0.293889
 -0.733 -1.26754052e-01  1.60665897e-02  8.16380924e-02    0.268889
 -0.700 -1.74840258e-01  3.05691158e-02  8.15035748e-02    0.245000
 -0.667 -2.20111064e-01  4.84488803e-02  8.13759312e-02    0.222222
 -0.633 -2.61826524e-01  6.85531288e-02  8.12550690e-02    0.200556
 -0.600 -2.99300375e-01  8.95807143e-02  8.11409012e-02    0.180000
 -0.567 -3.31911995e-01  1.10165572e-01  8.10333464e-02    0.160556
 -0.533 -3.59117374e-01  1.28965288e-01  8.09323283e-02    0.142222
 -0.500 -3.80458862e-01  1.44748945e-01  8.08377759e-02    0.125000
 -0.467 -3.95573516e-01  1.56478407e-01  8.07496230e-02    0.108889
 -0.433 -4.04199886e-01  1.63377548e-01  8.06678083e-02    0.093889
 -0.400 -4.06183086e-01  1.64984699e-01  8.05922753e-02    0.080000
 -0.367 -4.01478052e-01  1.61184626e-01  8.05229719e-02    0.067222
 -0.333 -3.90150920e-01  1.52217741e-01  8.04598509e-02    0.055556
 -0.300 -3.72378461e-01  1.38665718e-01  8.04028691e-02    0.045000
 -0.267 -3.48445585e-01  1.21414325e-01  8.03519879e-02    0.035556
 -0.233 -3.18740948e-01  1.01595792e-01  8.03071728e-02    0.027222
 -0.200 -2.83750712e-01  8.05144668e-02  8.02683936e-02    0.020000
 -0.167 -2.44050581e-01  5.95606860e-02  8.02356244e-02    0.013889
 -0.133 -2.00296225e-01  4.01185778e-02  8.02088430e-02    0.008889
 -0.100 -1.53212288e-01  2.34740052e-02  8.01880315e-02    0.005000
 -0.067 -1.03580141e-01  1.07288456e-02  8.01731761e-02    0.002222
 -0.033 -5.22246243e-02  2.72741138e-03  8.01642668e-02    0.000556
  0.000  0.00000000e+00  0.00000000e+00  8.01612977e-02    0.000000
  0.033  5.22246243e-02  2.72741138e-03  8.01642668e-02    0.000556
  0.067  1.03580141e-01  1.07288456e-02  8.01731761e-02    0.002222
  0.100  1.53212288e-01  2.34740052e-02  8.01880315e-02    0.005000
  0.133  2.00296225e-01  4.01185778e-02  8.02088430e-02    0.008889
  0.167  2.44050581e-01  5.95606860e-02  8.02356244e-02    0.013889
  0.200  2.83750712e-01  8.05144668e-02  8.02683936e-02    0.020000
  0.233  3.18740948e-01  1.01595792e-01  8.03071728e-02    0.027222
  0.267  3.48445585e-01  1.21414325e-01  8.03519879e-02    0.035556
  0.300  3.72378461e-01  1.38665718e-01  8.04028691e-02    0.045000
  0.333  3.90150920e-01  1.52217741e-01  8.04598509e-02    0.055556
  0.367  4.01478052e-01  1.61184626e-01  8.05229719e-02    0.067222
  0.400  4.06183086e-01  1.64984699e-01  8.05922753e-02    0.080000
  0.433  4.04199886e-01  1.63377548e-01  8.06678083e-02    0.093889
  0.467  3.95573516e-01  1.56478407e-01  8.07496230e-02    0.108889
  0.500  3.80458862e-01  1.44748945e-01  8.08377759e-02    0.125000
  0.533  3.59117374e-01  1.28965288e-01  8.09323283e-02    0.142222
  0.567  3.31911995e-01  1.10165572e-01  8.10333464e-02    0.160556
  0.600  2.99300375e-01  8.95807143e-02  8.11409012e-02    0.180000
  0.633  2.61826524e-01  6.85531288e-02  8.12550690e-02    0.200556
  0.667  2.20111064e-01  4.84488803e-02  8.13759312e-02    0.222222
  0.700  1.74840258e-01  3.05691158e-02  8.15035748e-02    0.245000
  0.733  1.26754052e-01  1.60665897e-02  8.16380924e-02    0.268889
  0.767  7.66333219e-02  5.87266603e-03  8.17795823e-02    0.293889
  0.800  2.52865887e-02  6.39411569e-04  8.19281489e-02    0.320000
  0.833 -2.64635739e-02  7.00320741e-04  8.20839028e-02    0.347222
  0.867 -7.77941874e-02  6.05193559e-03  8.22469613e-02    0.375556
  0.900 -1.27895335e-01  1.63572168e-02  8.24174480e-02    0.405000
  0.933 -1.75983216e-01  3.09700922e-02  8.25954940e-02    0.435556
  0.967 -2.21312558e-01  4.89792481e-02  8.27812374e-02    0.467222
  1.000 -2.63188200e-01  6.92680288e-02  8.29748241e-02    0.500000
  1.033 -3.00975647e-01  9.05863399e-02  8.31764080e-02    0.533889
  1.067 -3.34110428e-01  1.11629778e-01  8.33861511e-02    0.568889
  1.100 -3.62106147e-01  1.31120862e-01  8.36042245e-02    0.605000
  1.133 -3.84561082e-01  1.47887226e-01  8.38308082e-02    0.642222
  1.167 -4.01163276e-01  1.60931974e-01  8.40660920e-02    0.680556
  1.200 -4.11694054e-01  1.69491994e-01  8.43102755e-02    0.720000
  1.233 -4.16029942e-01  1.73080912e-01  8.45635693e-02    0.760556
  1.267 -4.14143004e-01  1.71514428e-01  8.48261950e-02    0.802222
  1.300 -4.06099621e-01  1.64916902e-01  8.50983858e-02    0.845000
  1.333 -3.92057770e-01  1.53709295e-01  8.53803878e-02    0.888889
  1.367 -3.72262898e-01  1.38579665e-01  8.56724598e-02    0.933889
  1.400 -3.47042493e-01  1.20438492e-01  8.59748746e-02    0.980000
  1.433 -3.16799481e-01  1.00361911e-01  8.62879198e-02    1.027222
  1.467 -2.82004583e-01  7.95265846e-02  8.66118983e-02    1.075556
  1.500 -2.43187806e-01  5.91403091e-02  8.69471299e-02    1.125000
  1.533 -2.00929229e-01  4.03725550e-02  8.72939514e-02    1.175556
  1.567 -1.55849244e-01  2.42889868e-02  8.76527187e-02    1.227222
  1.600 -1.08598456e-01  1.17936247e-02  8.80238071e-02    1.280000
  1.633 -5.98473979e-02  3.58171103e-03  8.84076132e-02    1.333889
  1.667 -1.02762388e-02  1.05601084e-04  8.88045560e-02    1.388889
  1.700  3.94353346e-02  1.55514562e-03  8.92150785e-02    1.445000
  1.733  8.86179223e-02  7.85313615e-03  8.96396493e-02    1.502222
  1.767  1.36621741e-01  1.86655002e-02  9.00787643e-02    1.560556
  1.800  1.82825356e-01  3.34251108e-02  9.05329490e-02    1.620000
  1.833  2.26643686e-01  5.13673602e-02  9.10027602e-02    1.680556
  1.867  2.67535193e-01  7.15750796e-02  9.14887885e-02    1.742222
  1.900  3.05008171e-01  9.30299844e-02  9.19916609e-02    1.805000
  1.933  3.38626059e-01  1.14667608e-01  9.25120434e-02    1.868889
  1.967  3.68011754e-01  1.35432651e-01  9.30506442e-02    1.933889
  2.000  3.92850877e-01  1.54331812e-01  9.36082169e-02    2.000000
  2.033  4.12894004e-01  1.70481459e-01  9.41855643e-02    2.067222
  2.067  4.27957858e-01  1.83147929e-01  9.47835425e-02    2.135556
  2.100  4.37925497e-01  1.91778741e-01  9.54030650e-02    2.205000
  2.133  4.42745536e-01  1.96023609e-01  9.60451079e-02    2.275556
  2.167  4.42430466e-01  1.95744718e-01  9.67107157e-02    2.347222
  2.200  4.37054134e-01  1.91016316e-01  9.74010064e-02    2.420000
  2.233  4.26748455e-01  1.82114244e-01  9.81171794e-02    2.493889
  2.267  4.11699461e-01  1.69496447e-01  9.88605221e-02    2.568889
  2.300  3.92142767e-01  1.53775949e-01  9.96324187e-02    2.645000
  2.333  3.68358548e-01  1.35688020e-01  1.00434359e-01    2.722222
  2.367  3.40666150e-01  1.16053426e-01  1.01267951e-01    2.800556
  2.400  3.09418403e-01  9.57397483e-02  1.02134929e-01    2.880000
  2.433  2.74995764e-01  7.56226701e-02  1.03037170e-01    2.960556
  2.467  2.37800370e-01  5.65490162e-02  1.03976708e-01    3.042222
  2.500  1.98250107e-01  3.93031049e-02  1.04955750e-01    3.125000
  2.533  1.56772761e-01  2.45776986e-02  1.05976697e-01    3.208889
  2.567  1.13800359e-01  1.29505216e-02  1.07042165e-01    3.293889
  2.600  6.97637467e-02  4.86698035e-03  1.08155010e-01    3.380000
  2.633  2.50874866e-02  6.29381983e-04  1.09318358e-01    3.467222
  2.667 -1.98148832e-02  3.92629595e-04  1.10535636e-01    3.555556
  2.700 -6.45451719e-02  4.16607921e-03  1.11810616e-01    3.645000
  2.733 -1.08724411e-01  1.18209976e-02  1.13147452e-01    3.735556
  2.767 -1.51996253e-01  2.31028610e-02  1.14550738e-01    3.827222
  2.800 -1.94029871e-01  3.76475910e-02  1.16025566e-01    3.920000
  2.833 -2.34522360e-01  5.50007372e-02  1.17577599e-01    4.013889
  2.867 -2.73200625e-01  7.46385815e-02  1.19213155e-01    4.108889
  2.900 -3.09822781e-01  9.59901556e-02  1.20939306e-01    4.205000
  2.933 -3.44179059e-01  1.18459224e-01  1.22764000e-01    4.302222
  2.967 -3.76092254e-01  1.41445384e-01  1.24696204e-01    4.400556
  3.000 -4.05417735e-01  1.64363540e-01  1.26746076e-01    4.500000
  3.033 -4.32043047e-01  1.86661194e-01  1.28925178e-01    4.600556
  3.067 -4.55887136e-01  2.07833081e-01  1.31246737e-01    4.702222
  3.100 -4.76899250e-01  2.27432895e-01  1.33725959e-01    4.805000
  3.133 -4.95057534e-01  2.45081962e-01  1.36380435e-01    4.908889
  3.167 -5.10367375e-01  2.60474857e-01  1.39230635e-01    5.013889
  3.200 -5.22859532e-01  2.73382091e-01  1.42300548e-01    5.120000
  3.233 -5.32588103e-01  2.83650087e-01  1.45618497e-01    5.227222
  3.267 -5.39628344e-01  2.91198749e-01  1.49218196e-01    5.335556
  3.300 -5.44074415e-01  2.96016969e-01  1.53140149e-01    5.445000
  3.333 -5.46037061e-01  2.98156472e-01  1.57433510e-01    5.555556
  3.367 -5.45641275e-01  2.97724401e-01  1.62158608e-01    5.667222
  3.400 -5.43023976e-01  2.94875039e-01  1.67390440e-01    5.780000
  3.433 -5.38331733e-01  2.89801054e-01  1.73223590e-01    5.893889
  3.467 -5.31718546e-01  2.82724612e-01  1.79779336e-01    6.008889
  3.500 -5.23343736e-01  2.73888666e-01  1.87216173e-01    6.125000
  3.533 -5.13369933e-01  2.63548688e-01  1.95745901e-01    6.242222
  3.567 -5.01961197e-01  2.51965043e-01  2.05659117e-01    6.360556
  3.600 -4.89281280e-01  2.39396171e-01  2.17367367e-01    6.480000
  3.633 -4.75492042e-01  2.26092682e-01  2.31476609e-01    6.600556
  3.667 -4.60752018e-01  2.12292423e-01  2.48923745e-01    6.722222
  3.700 -4.45215152e-01  1.98216532e-01  2.71252140e-01    6.845000
  3.733 -4.29029691e-01  1.84066476e-01  3.01231743e-01    6.968889
  3.767 -4.12337244e-01  1.70022003e-01  3.44485025e-01    7.093889
  3.800 -3.95271999e-01  1.56239953e-01  4.14870483e-01    7.220000
  3.833 -3.77960090e-01  1.42853830e-01  5.61640160e-01    7.347222
  3.867 -3.60519117e-01  1.29974033e-01  1.40397701e+00    7.475556
  3.900 -3.43057796e-01  1.17688651e-01  0.00000000e+00    7.605000
  3.933 -3.25676519e-01  1.06065195e-01  0.00000000e+00    7.735556
  3.967 -3.08464949e-01  9.51506250e-02  0.00000000e+00    7.867222
  4.000 -2.91504343e-01  8.49747821e-02  0.00000000e+00    8.000000
  4.033 -2.74866888e-01  7.55518060e-02  0.00000000e+00    8.133889
  4.067 -2.58615901e-01  6.68821845e-02  0.00000000e+00    8.268889
  4.100 -2.42806105e-01  5.89548048e-02  0.00000000e+00    8.405000
  4.133 -2.27483960e-01  5.17489523e-02  0.00000000e+00    8.542222
  4.167 -2.12688057e-01  4.52362096e-02  0.00000000e+00    8.680556
  4.200 -1.98449548e-01  3.93822231e-02  0.00000000e+00    8.820000
  4.233 -1.84792615e-01  3.41483106e-02  0.00000000e+00    8.960556
  4.267 -1.71734960e-01  2.94928965e-02  0.00000000e+00    9.102222
  4.300 -1.59288309e-01  2.53727653e-02  0.00000000e+00    9.245000
  4.333 -1.47458929e-01  2.17441356e-02  0.00000000e+00    9.388889
  4.367 -1.36248141e-01  1.85635558e-02  0.00000000e+00    9.533889
  4.400 -1.25652831e-01  1.57886340e-02  0.00000000e+00    9.680000
  4.433 -1.15665951e-01  1.33786122e-02  0.00000000e+00    9.827222
  4.467 -1.06276999e-01  1.12948006e-02  0.00000000e+00    9.975556
  4.500 -9.74724895e-02  9.50088621e-03  0.00000000e+00   10.125000
  4.533 -8.92363911e-02  7.96313349e-03  0.00000000e+00   10.275556
  4.567 -8.15505486e-02  6.65049198e-03  0.00000000e+00   10.427222
  4.600 -7.43950724e-02  5.53462680e-03  0.00000000e+00   10.580000
  4.633 -6.77487022e-02  4.58988665e-03  0.00000000e+00   10.733889
  4.667 -6.15891411e-02  3.79322230e-03  0.00000000e+00   10.888889
  4.700 -5.58933610e-02  3.12406780e-03  0.00000000e+00   11.045000
  4.733 -5.06378786e-02  2.56419475e-03  0.00000000e+00   11.202222
  4.767 -4.57990027e-02  2.09754865e-03  0.00000000e+00   11.360556
  4.800 -4.13530537e-02  1.71007505e-03  0.00000000e+00   11.520000
  4.833 -3.72765560e-02  1.38954162e-03  0.00000000e+00   11.680556
  4.867 -3.35464045e-02  1.12536125e-03  0.00000000e+00   11.842222
  4.900 -3.01400076e-02  9.08420058e-04  0.00000000e+00   12.005000
  4.933 -2.70354064e-02  7.30913200e-04  0.00000000e+00   12.168889
  4.967 -2.42113732e-02  5.86190594e-04  0.00000000e+00   12.333889
  5.000 -2.16474905e-02  4.68613843e-04  0.00000000e+00   12.500000
  5.033 -1.93242115e-02  3.73425151e-04  0.00000000e+00   12.667222
  5.067 -1.72229057e-02  2.96628482e-04  0.00000000e+00   12.835556
  5.100 -1.53258885e-02  2.34882858e-04  0.00000000e+00   13.005000
  5.133 -1.36164386e-02  1.85407401e-04  0.00000000e+00   13.175556
  5.167 -1.20788044e-02  1.45897515e-04  0.00000000e+00   13.347222
  5.200 -1.06981993e-02  1.14451468e-04  0.00000000e+00   13.520000
  5.233 -9.46079009e-03  8.95065491e-05  0.00000000e+00   13.693889
  5.267 -8.35367662e-03  6.97839130e-05  0.00000000e+00   13.868889
  5.300 -7.36486648e-03  5.42412582e-05  0.00000000e+00   14.045000
  5.333 -6.48324439e-03  4.20324579e-05  0.00000000e+00   14.222222
  5.367 -5.69853783e-03  3.24733334e-05  0.00000000e+00   14.400556
  5.400 -5.00127966e-03  2.50127982e-05  0.00000000e+00   14.580000
  5.433 -4.38276866e-03  1.92086611e-05  0.00000000e+00   14.760556
  5.467 -3.83502863e-03  1.47074446e-05  0.00000000e+00   14.942222
  5.500 -3.35076676e-03  1.12276379e-05  0.00000000e+00   15.125000
  5.533 -2.92333171e-03  8.54586831e-06  0.00000000e+00   15.308889
  5.567 -2.54667203e-03  6.48553844e-06  0.00000000e+00   15.493889
  5.600 -2.21529514e-03  4.90753256e-06  0.00000000e+00   15.680000
  5.633 -1.92422737e-03  3.70265098e-06  0.00000000e+00   15.867222
  5.667 -1.66897523e-03  2.78547831e-06  0.00000000e+00   16.055556
  5.700 -1.44548813e-03  2.08943593e-06  0.00000000e+00   16.245000
  5.733 -1.25012277e-03  1.56280694e-06  0.00000000e+00   16.435556
  5.767 -1.07960926e-03  1.16555615e-06  0.00000000e+00   16.627222
  5.800 -9.31019058e-04  8.66796487e-07  0.00000000e+00   16.820000
  5.833 -8.01734855e-04  6.42778778e-07  0.00000000e+00   17.013889
  5.867 -6.89422270e-04  4.75303066e-07  0.00000000e+00   17.208889
  5.900 -5.92003501e-04  3.50468146e-07  0.00000000e+00   17.405000
  5.933 -5.07632817e-04  2.57691077e-07  0.00000000e+00   17.602222
  5.967 -4.34673862e-04  1.88941367e-07  0.00000000e+00   17.800556
  6.000 -3.71678730e-04  1.38145079e-07  0.00000000e+00   18.000000
  6.033 -3.17368718e-04  1.00722903e-07  0.00000000e+00   18.200556
  6.067 -2.70616696e-04  7.32333962e-08  0.00000000e+00   18.402222
  6.100 -2.30431003e-04  5.30984470e-08  0.00000000e+00   18.605000
  6.133 -1.95940781e-04  3.83927895e-08  0.00000000e+00   18.808889
  6.167 -1.66382662e-04  2.76831904e-08  0.00000000e+00   19.013889
  6.200 -1.41088718e-04  1.99060263e-08  0.00000000e+00   19.220000
  6.233 -1.19475571e-04  1.42744122e-08  0.00000000e+00   19.427222
  6.267 -1.01034607e-04  1.02079918e-08  0.00000000e+00   19.635556
  6.300 -8.53231665e-05  7.28004273e-09  0.00000000e+00   19.845000
  6.333 -7.19566717e-05  5.17776261e-09  0.00000000e+00   20.055556
  6.367 -6.06015814e-05  3.67255167e-09  0.00000000e+00   20.267222
  6.400 -5.09691152e-05  2.59785070e-09  0.00000000e+00   20.480000
  6.433 -4.28096726e-05  1.83266807e-09  0.00000000e+00   20.693889
  6.467 -3.59078823e-05  1.28937601e-09  0.00000000e+00   20.908889
  6.500 -3.00782193e-05  9.04699277e-10  0.00000000e+00   21.125000
  6.533 -2.51611353e-05  6.33082728e-10  0.00000000e+00   21.342222
  6.567 -2.10196480e-05  4.41825600e-10  0.00000000e+00   21.560556
  6.600 -1.75363427e-05  3.07523315e-10  0.00000000e+00   21.780000
  6.633 -1.46107412e-05  2.13473758e-10  0.00000000e+00   22.000556
  6.667 -1.21569980e-05  1.47792600e-10  0.00000000e+00   22.222222
  6.700 -1.01018874e-05  1.02048129e-10  0.00000000e+00   22.445000
  6.733 -8.38304830e-06  7.02754988e-11  0.00000000e+00   22.668889
  6.767 -6.94745657e-06  4.82671528e-11  0.00000000e+00   22.893889
  6.800 -5.75009843e-06  3.30636319e-11  0.00000000e+00   23.120000
  6.833 -4.75282036e-06  2.25893014e-11  0.00000000e+00   23.347222
  6.867 -3.92333415e-06  1.53925509e-11  0.00000000e+00   23.575556
  6.900 -3.23435770e-06  1.04610697e-11  0.00000000e+00   23.805000
  6.933 -2.66287453e-06  7.09090079e-12  0.00000000e+00   24.035556
  6.967 -2.18949672e-06  4.79389589e-12  0.00000000e+00   24.267222
  7.000 -1.79791786e-06  3.23250864e-12  0.00000000e+00   24.500000
  7.033 -1.47444421e-06  2.17398573e-12  0.00000000e+00   24.733889
  7.067 -1.20759351e-06  1.45828207e-12  0.00000000e+00   24.968889
  7.100 -9.87752365e-07  9.75654735e-13  0.00000000e+00   25.205000
  7.133 -8.06884208e-07  6.51062125e-13  0.00000000e+00   25.442222
  7.167 -6.58280675e-07  4.33333447e-13  0.00000000e+00   25.680556
  7.200 -5.36350460e-07  2.87671816e-13  0.00000000e+00   25.920000
  7.233 -4.36440216e-07  1.90480062e-13  0.00000000e+00   26.160556
  7.267 -3.54682938e-07  1.25799986e-13  0.00000000e+00   26.402222
  7.300 -2.87869811e-07  8.28690283e-14  0.00000000e+00   26.645000
  7.333 -2.33342092e-07  5.44485318e-14  0.00000000e+00   26.888889
  7.367 -1.88900027e-07  3.56832201e-14  0.00000000e+00   27.133889
  7.400 -1.52726268e-07  2.33253128e-14  0.00000000e+00   27.380000
  7.433 -1.23321570e-07  1.52082097e-14  0.00000000e+00   27.627222
  7.467 -9.94509039e-08  9.89048228e-15  0.00000000e+00   27.875556
  7.500 -8.00983516e-08  6.41574592e-15  0.00000000e+00   28.125000
  7.533 -6.44294377e-08  4.15115245e-15  0.00000000e+00   28.375556
  7.567 -5.17597028e-08  2.67906684e-15  0.00000000e+00   28.627222
  7.600 -4.15285355e-08  1.72461926e-15  0.00000000e+00   28.880000
  7.633 -3.32774157e-08  1.10738640e-15  0.00000000e+00   29.133889
  7.667 -2.66318550e-08  7.09255703e-16  0.00000000e+00   29.388889
  7.700 -2.12864283e-08  4.53112029e-16  0.00000000e+00   29.645000
  7.733 -1.69923881e-08  2.88741252e-16  0.00000000e+00   29.902222
  7.767 -1.35474315e-08  1.83532900e-16  0.00000000e+00   30.160556
  7.800 -1.07872589e-08  1.16364956e-16  0.00000000e+00   30.420000
  7.833 -8.57862132e-09  7.35927437e-17  0.00000000e+00   30.680556
  7.867 -6.81360249e-09  4.64251789e-17  0.00000000e+00   30.942222
  7.900 -5.40492447e-09  2.92132085e-17  0.00000000e+00   31.205000
  7.933 -4.28209832e-09  1.83363660e-17  0.00000000e+00   31.468889
  7.967 -3.38827327e-09  1.14803957e-17  0.00000000e+00   31.733889
  8.000 -2.67766118e-09  7.16986938e-18  0.00000000e+00   32.000000
  8.033 -2.11343460e-09  4.46660581e-18  0.00000000e+00   32.267222
  8.067 -1.66601380e-09  2.77560198e-18  0.00000000e+00   32.535556
  8.100 -1.31167291e-09  1.72048581e-18  0.00000000e+00   32.805000
  8.133 -1.03140741e-09  1.06380125e-18  0.00000000e+00   33.075556
  8.167 -8.10015366e-10  6.56124893e-19  0.00000000e+00   33.347222
  8.200 -6.35353074e-10  4.03673529e-19  0.00000000e+00   33.620000
  8.233 -4.97732993e-10  2.47738132e-19  0.00000000e+00   33.893889
  8.267 -3.89437421e-10  1.51661505e-19  0.00000000e+00   34.168889
  8.300 -3.04326254e-10  9.26144691e-20  0.00000000e+00   34.445000
  8.333 -2.37521089e-10  5.64162676e-20  0.00000000e+00   34.722222
  8.367 -1.85151170e-10  3.42809559e-20  0.00000000e+00   35.000556
  8.400 -1.44149384e-10  2.07790448e-20  0.00000000e+00   35.280000
  8.433 -1.12088656e-10  1.25638668e-20  0.00000000e+00   35.560556
  8.467 -8.70509620e-11  7.57786998e-21  0.00000000e+00   35.842222
  8.500 -6.75225781e-11  4.55929856e-21  0.00000000e+00   36.125000
  8.533 -5.23104514e-11  2.73638333e-21  0.00000000e+00   36.408889
  8.567 -4.04755170e-11  1.63826748e-21  0.00000000e+00   36.693889
  8.600 -3.12796076e-11  9.78413852e-22  0.00000000e+00   36.980000
  8.633 -2.41432429e-11  5.82896178e-22  0.00000000e+00   37.267222
  8.667 -1.86121174e-11  3.46410914e-22  0.00000000e+00   37.555556
  8.700 -1.43305310e-11  2.05364119e-22  0.00000000e+00   37.845000
  8.733 -1.10203541e-11  1.21448204e-22  0.00000000e+00   38.135556
  8.767 -8.46439683e-12  7.16460137e-23  0.00000000e+00   38.427222
  8.800 -6.49327979e-12  4.21626824e-23  0.00000000e+00   38.720000
  8.833 -4.97508238e-12  2.47514447e-23  0.00000000e+00   39.013889
  8.867 -3.80719319e-12  1.44947200e-23  0.00000000e+00   39.308889
  8.900 -2.90990257e-12  8.46753296e-24  0.00000000e+00   39.605000
  8.933 -2.22137195e-12  4.93449333e-24  0.00000000e+00   39.902222
  8.967 -1.69368961e-12  2.86858451e-24  0.00000000e+00   40.200556
  9.000 -1.28978247e-12  1.66353881e-24  0.00000000e+00   40.500000
  9.033 -9.81001362e-13  9.62363672e-25  0.00000000e+00   40.800556
  9.067 -7.45235671e-13  5.55376205e-25  0.00000000e+00   41.102222
  9.100 -5.65443117e-13  3.19725918e-25  0.00000000e+00   41.405000
  9.133 -4.28504953e-13  1.83616495e-25  0.00000000e+00   41.708889
  9.167 -3.24335713e-13  1.05193655e-25  0.00000000e+00   42.013889
  9.200 -2.45191864e-13  6.01190502e-26  0.00000000e+00   42.320000
  9.233 -1.85135641e-13  3.42752054e-26  0.00000000e+00   42.627222
  9.267 -1.39619803e-13  1.94936893e-26  0.00000000e+00   42.935556
  9.300 -1.05166469e-13  1.10599861e-26  0.00000000e+00   43.245000
  9.333 -7.91190484e-14  6.25982382e-27  0.00000000e+00   43.555556
  9.367 -5.94508961e-14  3.53440904e-27  0.00000000e+00   43.867222
  9.400 -4.46179107e-14  1.99075796e-27  0.00000000e+00   44.180000
  9.433 -3.34451433e-14  1.11857761e-27  0.00000000e+00   44.493889
  9.467 -2.50396805e-14  6.26985600e-28  0.00000000e+00   44.808889
  9.500 -1.87238055e-14  3.50580892e-28  0.00000000e+00   45.125000
  9.533 -1.39837840e-14  1.95546216e-28  0.00000000e+00   45.442222
  9.567 -1.04306744e-14  1.08798969e-28  0.00000000e+00   45.760556
  9.600 -7.77037786e-15  6.03787722e-29  0.00000000e+00   46.080000
  9.633 -5.78077949e-15  3.34174115e-29  0.00000000e+00   46.400556
  9.667 -4.29432354e-15  1.84412146e-29  0.00000000e+00   46.722222
  9.700 -3.18474632e-15  1.01426091e-29  0.00000000e+00   47.045000
  9.733 -2.35698596e-15  5.55538283e-30  0.00000000e+00   47.368889
  9.767 -1.73951499e-15  3.02591239e-30  0.00000000e+00   47.693889
  9.800 -1.27851707e-15  1.63460590e-30  0.00000000e+00   48.020000
  9.833 -9.33464030e-16  8.71355095e-31  0.00000000e+00   48.347222
  9.867 -6.73752043e-16  4.53941816e-31  0.00000000e+00   48.675556
  9.900 -4.76134964e-16  2.26704504e-31  0.00000000e+00   49.005000
  9.933 -3.22752036e-16  1.04168877e-31  0.00000000e+00   49.335556
  9.967 -1.99591942e-16  3.98369434e-32  0.00000000e+00   49.667222
 10.000 -9.52677288e-17  9.07594015e-33  0.00000000e+00   50.000000
