-10.000 -9.75024714e-21  9.50673193e-41  0.00000000e+00   50.000000
 -9.967 -2.05375435e-20  4.21790693e-40  0.00000000e+00   49.667222
 -9.933 -3.34950031e-20  1.12191523e-39  0.00000000e+00   49.335556
 -9.900 -4.99672768e-20  2.49672876e-39  0.00000000e+00   49.005000
 -9.867 -7.16459073e-20  5.13313603e-39  0.00000000e+00   48.675556
 -9.833 -1.00736596e-19  1.01478617e-38  0.00000000e+00   48.347222
 -9.800 -1.40174312e-19  1.96488378e-38  0.00000000e+00   48.020000
 -9.767 -1.93906327e-19  3.75996637e-38  0.00000000e+00   47.693889
 -9.733 -2.67269196e-19  7.14328229e-38  0.00000000e+00   47.368889
 -9.700 -3.67493935e-19  1.35051792e-37  0.00000000e+00   47.045000
 -9.667 -5.04384831e-19  2.54404057e-37  0.00000000e+00   46.722222
 -9.633 -6.91232329e-19  4.77802133e-37  0.00000000e+00   46.400556
 -9.600 -9.46040618e-19  8.94992851e-37  0.00000000e+00   46.080000
 -9.567 -1.29317733e-18  1.67230762e-36  0.00000000e+00   45.760556
 -9.533 -1.76558857e-18  3.11730298e-36  0.00000000e+00   45.442222
 -9.500 -2.40776973e-18  5.79735506e-36  0.00000000e+00   45.125000
 -9.467 -3.27974578e-18  1.07567324e-35  0.00000000e+00   44.808889
 -9.433 -4.46239748e-18  1.99129913e-35  0.00000000e+00   44.493889
 -9.400 -6.06458031e-18  3.67791343e-35  0.00000000e+00   44.180000
 -9.367 -8.23262816e-18  6.77761664e-35  0.00000000e+00   43.867222
 -9.333 -1.11630251e-17  1.24613130e-34  0.00000000e+00   43.555556
 -9.300 -1.51192808e-17  2.28592653e-34  0.00000000e+00   43.245000
 -9.267 -2.04543770e-17  4.18381540e-34  0.00000000e+00   42.935556
 -9.233 -2.76405871e-17  7.64002058e-34  0.00000000e+00   42.627222
 -9.200 -3.73090433e-17  1.39196471e-33  0.00000000e+00   42.320000
 -9.167 -5.03021723e-17  2.53030854e-33  0.00000000e+00   42.013889
 -9.133 -6.77431013e-17  4.58912778e-33  0.00000000e+00   41.708889
 -9.100 -9.11274119e-17  8.30420520e-33  0.00000000e+00   41.405000
 -9.067 -1.22444291e-16  1.49926043e-32  0.00000000e+00   41.102222
 -9.033 -1.64336298e-16  2.70064189e-32  0.00000000e+00   40.800556
 -9.000 -2.20309806e-16  4.85364105e-32  0.00000000e+00   40.500000
 -8.967 -2.95011831e-16  8.70319806e-32  0.00000000e+00   40.200556
 -8.933 -3.94593772e-16  1.55704245e-31  0.00000000e+00   39.902222
 -8.900 -5.27188725e-16  2.77927952e-31  0.00000000e+00   39.605000
 -8.867 -7.03537095e-16  4.94964444e-31  0.00000000e+00   39.308889
 -8.833 -9.37805543e-16  8.79479236e-31  0.00000000e+00   39.013889
 -8.800 -1.24865770e-15  1.55914605e-30  0.00000000e+00   38.720000
 -8.767 -1.66065232e-15  2.75776613e-30  0.00000000e+00   38.427222
 -8.733 -2.20606675e-15  4.86673050e-30  0.00000000e+00   38.135556
 -8.700 -2.92727212e-15  8.56892207e-30  0.00000000e+00   37.845000
 -8.667 -3.87982341e-15  1.50530297e-29  0.00000000e+00   37.555556
 -8.633 -5.13647449e-15  2.63833702e-29  0.00000000e+00   37.267222
 -8.600 -6.79238856e-15  4.61365423e-29  0.00000000e+00   36.980000
 -8.567 -8.97189152e-15  8.04948375e-29  0.00000000e+00   36.693889
 -8.533 -1.18372142e-14  1.40119640e-28  0.00000000e+00   36.408889
 -8.500 -1.55997951e-14  2.43353607e-28  0.00000000e+00   36.125000
 -8.467 -2.05348751e-14  4.21681097e-28  0.00000000e+00   35.842222
 -8.433 -2.70003202e-14  7.29017293e-28  0.00000000e+00   35.560556
 -8.400 -3.54608654e-14  1.25747297e-27  0.00000000e+00   35.280000
 -8.367 -4.65193028e-14  2.16404554e-27  0.00000000e+00   35.000556
 -8.333 -6.09565537e-14  3.71570144e-27  0.00000000e+00   34.722222
 -8.300 -7.97830873e-14  6.36534102e-27  0.00000000e+00   34.445000
 -8.267 -1.04304820e-13  1.08794955e-26  0.00000000e+00   34.168889
 -8.233 -1.36207465e-13  1.85524736e-26  0.00000000e+00   33.893889
 -8.200 -1.77664360e-13  3.15646248e-26  0.00000000e+00   33.620000
 -8.167 -2.31474135e-13  5.35802752e-26  0.00000000e+00   33.347222
 -8.133 -3.01236264e-13  9.07432867e-26  0.00000000e+00   33.075556
 -8.100 -3.91574624e-13  1.53330686e-25  0.00000000e+00   32.805000
 -8.067 -5.08421849e-13  2.58492777e-25  0.00000000e+00   32.535556
 -8.033 -6.59380537e-13  4.34782692e-25  0.00000000e+00   32.267222
 -8.000 -8.54181506e-13  7.29626046e-25  0.00000000e+00   32.000000
 -7.967 -1.10526444e-12  1.22160948e-24  0.00000000e+00   31.733889
 -7.933 -1.42851265e-12  2.04064840e-24  0.00000000e+00   31.468889
 -7.900 -1.84418171e-12  3.40100619e-24  0.00000000e+00   31.205000
 -7.867 -2.37807158e-12  5.65522442e-24  0.00000000e+00   30.942222
 -7.833 -3.06300416e-12  9.38199448e-24  0.00000000e+00   30.680556
 -7.800 -3.94068359e-12  1.55289871e-23  0.00000000e+00   30.420000
 -7.767 -5.06403521e-12  2.56444526e-23  0.00000000e+00   30.160556
 -7.733 -6.50014280e-12  4.22518564e-23  0.00000000e+00   29.902222
 -7.700 -8.33393222e-12  6.94544263e-23  0.00000000e+00   29.645000
 -7.667 -1.06727852e-11  1.13908344e-22  0.00000000e+00   29.388889
 -7.633 -1.36523107e-11  1.86385587e-22  0.00000000e+00   29.133889
 -7.600 -1.74435548e-11  3.04277606e-22  0.00000000e+00   28.880000
 -7.567 -2.22619966e-11  4.95596494e-22  0.00000000e+00   28.627222
 -7.533 -2.83787564e-11  8.05353817e-22  0.00000000e+00   28.375556
 -7.500 -3.61345443e-11  1.30570529e-21  0.00000000e+00   28.125000
 -7.467 -4.59569942e-11  2.11204532e-21  0.00000000e+00   27.875556
 -7.433 -5.83821794e-11  3.40847887e-21  0.00000000e+00   27.627222
 -7.400 -7.40812800e-11  5.48803604e-21  0.00000000e+00   27.380000
 -7.367 -9.38935964e-11  8.81600744e-21  0.00000000e+00   27.133889
 -7.333 -1.18867362e-10  1.41294497e-20  0.00000000e+00   26.888889
 -7.300 -1.50310132e-10  2.25931357e-20  0.00000000e+00   26.645000
 -7.267 -1.89850916e-10  3.60433703e-20  0.00000000e+00   26.402222
 -7.233 -2.39516684e-10  5.73682420e-20  0.00000000e+00   26.160556
 -7.200 -3.01826452e-10  9.10992074e-20  0.00000000e+00   25.920000
 -7.167 -3.79906830e-10  1.44329199e-19  0.00000000e+00   25.680556
 -7.133 -4.77633735e-10  2.28133985e-19  0.00000000e+00   25.442222
 -7.100 -5.99805976e-10  3.59767209e-19  0.00000000e+00   25.205000
 -7.067 -7.52357576e-10  5.66041922e-19  0.00000000e+00   24.968889
 -7.033 -9.42617137e-10  8.88527067e-19  0.00000000e+00   24.733889
 -7.000 -1.17962425e-09  1.39151337e-18  0.00000000e+00   24.500000
 -6.967 -1.47451495e-09  2.17419435e-18  0.00000000e+00   24.267222
 -6.933 -1.84099073e-09  3.38924686e-18  0.00000000e+00   24.035556
 -6.900 -2.29588826e-09  5.27110290e-18  0.00000000e+00   23.805000
 -6.867 -2.85987079e-09  8.17886094e-18  0.00000000e+00   23.575556
 -6.833 -3.55826580e-09  1.26612555e-17  0.00000000e+00   23.347222
 -6.800 -4.42207859e-09  1.95547790e-17  0.00000000e+00   23.120000
 -6.767 -5.48921709e-09  3.01315042e-17  0.00000000e+00   22.893889
 -6.733 -6.80596978e-09  4.63212247e-17  0.00000000e+00   22.668889
 -6.700 -8.42878670e-09  7.10444452e-17  0.00000000e+00   22.445000
 -6.667 -1.04264225e-08  1.08710287e-16  0.00000000e+00   22.222222
 -6.633 -1.28825121e-08  1.65959117e-16  0.00000000e+00   22.000556
 -6.600 -1.58986607e-08  2.52767412e-16  0.00000000e+00   21.780000
 -6.567 -1.95981480e-08  3.84087405e-16  0.00000000e+00   21.560556
 -6.533 -2.41303595e-08  5.82274250e-16  0.00000000e+00   21.342222
 -6.500 -2.96760827e-08  8.80669887e-16  0.00000000e+00   21.125000
 -6.467 -3.64538269e-08  1.32888150e-15  0.00000000e+00   20.908889
 -6.433 -4.47273533e-08  2.00053614e-15  0.00000000e+00   20.693889
 -6.400 -5.48146361e-08  3.00464433e-15  0.00000000e+00   20.480000
 -6.367 -6.70985092e-08  4.50220993e-15  0.00000000e+00   20.267222
 -6.333 -8.20392990e-08  6.73044658e-15  0.00000000e+00   20.055556
 -6.300 -1.00189792e-07  1.00379944e-14  0.00000000e+00   19.845000
 -6.267 -1.22212942e-07  1.49360031e-14  0.00000000e+00   19.635556
 -6.233 -1.48902788e-07  2.21720403e-14  0.00000000e+00   19.427222
 -6.200 -1.81209135e-07  3.28367506e-14  0.00000000e+00   19.220000
 -6.167 -2.20266617e-07  4.85173824e-14  0.00000000e+00   19.013889
 -6.133 -2.67428887e-07  7.15182094e-14  0.00000000e+00   18.808889
 -6.100 -3.24308771e-07  1.05176179e-13  0.00000000e+00   18.605000
 -6.067 -3.92825355e-07  1.54311759e-13  0.00000000e+00   18.402222
 -6.033 -4.75259118e-07  2.25871229e-13  0.00000000e+00   18.200556
 -6.000 -5.74316398e-07  3.29839325e-13  0.00000000e+00   18.000000
 -5.967 -6.93204654e-07  4.80532692e-13  0.00000000e+00   17.800556
 -5.933 -8.35720180e-07  6.98428220e-13  0.00000000e+00   17.602222
 -5.900 -1.00635021e-06  1.01274075e-12  0.00000000e+00   17.405000
 -5.867 -1.21039158e-06  1.46504778e-12  0.00000000e+00   17.208889
 -5.833 -1.45408836e-06  2.11437296e-12  0.00000000e+00   17.013889
 -5.800 -1.74479137e-06  3.04429691e-12  0.00000000e+00   16.820000
 -5.767 -2.09114262e-06  4.37287746e-12  0.00000000e+00   16.627222
 -5.733 -2.50328839e-06  6.26645277e-12  0.00000000e+00   16.435556
 -5.700 -2.99312482e-06  8.95879620e-12  0.00000000e+00   16.245000
 -5.667 -3.57458070e-06  1.27776272e-11  0.00000000e+00   16.055556
 -5.633 -4.26394243e-06  1.81812051e-11  0.00000000e+00   15.867222
 -5.600 -5.08022700e-06  2.58087064e-11  0.00000000e+00   15.680000
 -5.567 -6.04560910e-06  3.65493894e-11  0.00000000e+00   15.493889
 -5.533 -7.18590979e-06  5.16372995e-11  0.00000000e+00   15.308889
 -5.500 -8.53115430e-06  7.27805936e-11  0.00000000e+00   15.125000
 -5.467 -1.01162080e-05  1.02337663e-10  0.00000000e+00   14.942222
 -5.433 -1.19814998e-05  1.43556338e-10  0.00000000e+00   14.760556
 -5.400 -1.41738446e-05  2.00897872e-10  0.00000000e+00   14.580000
 -5.367 -1.67473751e-05  2.80474573e-10  0.00000000e+00   14.400556
 -5.333 -1.97645973e-05  3.90639305e-10  0.00000000e+00   14.222222
 -5.300 -2.32975829e-05  5.42777367e-10  0.00000000e+00   14.045000
 -5.267 -2.74293149e-05  7.52367314e-10  0.00000000e+00   13.868889
 -5.233 -3.22552022e-05  1.04039807e-09  0.00000000e+00   13.693889
 -5.200 -3.78847823e-05  1.43525673e-09  0.00000000e+00   13.520000
 -5.167 -4.44436313e-05  1.97523637e-09  0.00000000e+00   13.347222
 -5.133 -5.20755031e-05  2.71185802e-09  0.00000000e+00   13.175556
 -5.100 -6.09447194e-05  3.71425882e-09  0.00000000e+00   13.005000
 -5.067 -7.12388371e-05  5.07497192e-09  0.00000000e+00   12.835556
 -5.033 -8.31716168e-05  6.91751785e-09  0.00000000e+00   12.667222
 -5.000 -9.69863216e-05  9.40634657e-09  0.00000000e+00   12.500000
 -4.967 -1.12959375e-04  1.27598203e-08  0.00000000e+00   12.333889
 -4.933 -1.31404408e-04  1.72671184e-08  0.00000000e+00   12.168889
 -4.900 -1.52676730e-04  2.33101840e-08  0.00000000e+00   12.005000
 -4.867 -1.77178254e-04  3.13921338e-08  0.00000000e+00   11.842222
 -4.833 -2.05362911e-04  4.21739251e-08  0.00000000e+00   11.680556
 -4.800 -2.37742590e-04  5.65215391e-08  0.00000000e+00   11.520000
 -4.767 -2.74893644e-04  7.55665157e-08  0.00000000e+00   11.360556
 -4.733 -3.17463990e-04  1.00783385e-07  0.00000000e+00   11.202222
 -4.700 -3.66180841e-04  1.34088408e-07  0.00000000e+00   11.045000
 -4.667 -4.21859119e-04  1.77965116e-07  0.00000000e+00   10.888889
 -4.633 -4.85410564e-04  2.35623416e-07  0.00000000e+00   10.733889
 -4.600 -5.57853589e-04  3.11200627e-07  0.00000000e+00   10.580000
 -4.567 -6.40323901e-04  4.10014698e-07  0.00000000e+00   10.427222
 -4.533 -7.34085926e-04  5.38882147e-07  0.00000000e+00   10.275556
 -4.500 -8.40545056e-04  7.06515991e-07  0.00000000e+00   10.125000
 -4.467 -9.61260742e-04  9.24022214e-07  0.00000000e+00    9.975556
 -4.433 -1.09796044e-03  1.20551714e-06  0.00000000e+00    9.827222
 -4.400 -1.25255445e-03  1.56889266e-06  0.00000000e+00    9.680000
 -4.367 -1.42715157e-03  2.03676159e-06  0.00000000e+00    9.533889
 -4.333 -1.62407564e-03  2.63762169e-06  0.00000000e+00    9.388889
 -4.300 -1.84588298e-03  3.40728397e-06  0.00000000e+00    9.245000
 -4.267 -2.09538049e-03  4.39061940e-06  0.00000000e+00    9.102222
 -4.233 -2.37564468e-03  5.64368763e-06  0.00000000e+00    8.960556
 -4.200 -2.69004126e-03  7.23632199e-06  0.00000000e+00    8.820000
 -4.167 -3.04224548e-03  9.25525756e-06  0.00000000e+00    8.680556
 -4.133 -3.43626289e-03  1.18079027e-05  0.00000000e+00    8.542222
 -4.100 -3.87645062e-03  1.50268694e-05  0.00000000e+00    8.405000
 -4.067 -4.36753885e-03  1.90753956e-05  0.00000000e+00    8.268889
 -4.033 -4.91465250e-03  2.41538092e-05  0.00000000e+00    8.133889
 -4.000 -5.52333282e-03  3.05072054e-05  0.00000000e+00    8.000000
 -3.967 -6.19955870e-03  3.84345281e-05  0.00000000e+00    7.867222
 -3.933 -6.94976755e-03  4.82992690e-05  0.00000000e+00    7.735556
 -3.900 -7.78087536e-03  6.05420213e-05  0.00000000e+00    7.605000
 -3.867 -8.70029576e-03  7.56951462e-05  0.00000000e+00    7.475556
 -3.833 -9.71595771e-03  9.43998342e-05  0.00000000e+00    7.347222
 -3.800 -1.08363215e-02  1.17425863e-04  0.00000000e+00    7.220000
 -3.767 -1.20703925e-02  1.45694376e-04  0.00000000e+00    7.093889
 -3.733 -1.34277329e-02  1.80304011e-04  0.00000000e+00    6.968889
 -3.700 -1.49184697e-02  2.22560737e-04  0.00000000e+00    6.845000
 -3.667 -1.65533000e-02  2.74011742e-04  0.00000000e+00    6.722222
 -3.633 -1.83434926e-02  3.36483720e-04  0.00000000e+00    6.600556
 -3.600 -2.03008839e-02  4.12125886e-04  0.00000000e+00    6.480000
 -3.567 -2.24378706e-02  5.03458038e-04  0.00000000e+00    6.360556
 -3.533 -2.47673959e-02  6.13423898e-04  0.00000000e+00    6.242222
 -3.500 -2.73029295e-02  7.45449961e-04  0.00000000e+00    6.125000
 -3.467 -3.00584422e-02  9.03509950e-04  0.00000000e+00    6.008889
 -3.433 -3.30483719e-02  1.09219488e-03  0.00000000e+00    5.893889
 -3.400 -3.62875827e-02  1.31678866e-03  0.00000000e+00    5.780000
 -3.367 -3.97913160e-02  1.58334883e-03  0.00000000e+00    5.667222
 -3.333 -4.35751320e-02  1.89879213e-03  0.00000000e+00    5.555556
 -3.300 -4.76548428e-02  2.27098405e-03  0.00000000e+00    5.445000
 -3.267 -5.20464350e-02  2.70883140e-03  0.00000000e+00    5.335556
 -3.233 -5.67659828e-02  3.22237680e-03  0.00000000e+00    5.227222
 -3.200 -6.18295501e-02  3.82289327e-03  0.00000000e+00    5.120000
 -3.167 -6.72530825e-02  4.52297711e-03  0.00000000e+00    5.013889
 -3.133 -7.30522876e-02  5.33663673e-03  0.00000000e+00    4.908889
 -3.100 -7.92425049e-02  6.27937458e-03  0.00000000e+00    4.805000
 -3.067 -8.58385640e-02  7.36825908e-03  0.00000000e+00    4.702222
 -3.033 -9.28546328e-02  8.62198284e-03  0.00000000e+00    4.600556
 -3.000 -1.00304054e-01  1.00609032e-02  0.00000000e+00    4.500000
 -2.967 -1.08199171e-01  1.17070607e-02  0.00000000e+00    4.400556
 -2.933 -1.16551148e-01  1.35841701e-02  0.00000000e+00    4.302222
 -2.900 -1.25369773e-01  1.57175799e-02  0.00000000e+00    4.205000
 -2.867 -1.34663260e-01  1.81341935e-02  0.00000000e+00    4.108889
 -2.833 -1.44438042e-01  2.08623480e-02  0.00000000e+00    4.013889
 -2.800 -1.54698557e-01  2.39316434e-02  0.00000000e+00    3.920000
 -2.767 -1.65447027e-01  2.73727187e-02  0.00000000e+00    3.827222
 -2.733 -1.76683241e-01  3.12169675e-02  0.00000000e+00    3.735556
 -2.700 -1.88404328e-01  3.54961909e-02  0.00000000e+00    3.645000
 -2.667 -2.00604540e-01  4.02421816e-02  0.00000000e+00    3.555556
 -2.633 -2.13275028e-01  4.54862376e-02  0.00000000e+00    3.467222
 -2.600 -2.26403630e-01  5.12586038e-02  0.00000000e+00    3.380000
 -2.567 -2.39974665e-01  5.75878400e-02  0.00000000e+00    3.293889
 -2.533 -2.53968736e-01  6.45001188e-02  0.00000000e+00    3.208889
 -2.500 -2.68362544e-01  7.20184551e-02  0.00000000e+00    3.125000
 -2.467 -2.83128724e-01  8.01618744e-02  0.00000000e+00    3.042222
 -2.433 -2.98235692e-01  8.89445278e-02  0.00000000e+00    2.960556
 -2.400 -3.13647517e-01  9.83747648e-02  0.00000000e+00    2.880000
 -2.367 -3.29323820e-01  1.08454178e-01  0.00000000e+00    2.800556
 -2.333 -3.45219694e-01  1.19176637e-01  0.00000000e+00    2.722222
 -2.300 -3.61285662e-01  1.30527329e-01  0.00000000e+00    2.645000
 -2.267 -3.77467660e-01  1.42481834e-01  0.00000000e+00    2.568889
 -2.233 -3.93707440e-01  1.55005548e-01  2.60275600e+00    2.493889
 -2.200 -4.09941503e-01  1.68052036e-01  7.19588138e-01    2.420000
 -2.167 -4.26102329e-01  1.81563195e-01  5.20719969e-01    2.347222
 -2.133 -4.42118149e-01  1.95468458e-01  4.29617309e-01    2.275556
 -2.100 -4.57913132e-01  2.09684437e-01  3.74736631e-01    2.205000
 -2.067 -4.73407629e-01  2.24114783e-01  3.37149149e-01    2.135556
 -2.033 -4.88518452e-01  2.38650278e-01  3.09389554e-01    2.067222
 -2.000 -5.03159214e-01  2.53169195e-01  2.87841494e-01    2.000000
 -1.967 -5.17240706e-01  2.67537948e-01  2.70512770e-01    1.933889
 -1.933 -5.30671332e-01  2.81612063e-01  2.56203974e-01    1.868889
 -1.900 -5.43357587e-01  2.95237468e-01  2.44144251e-01    1.805000
 -1.867 -5.55204584e-01  3.08252130e-01  2.33812690e-01    1.742222
 -1.833 -5.66116622e-01  3.20488030e-01  2.24842985e-01    1.680556
 -1.800 -5.75997801e-01  3.31773467e-01  2.16969076e-01    1.620000
 -1.767 -5.84752674e-01  3.41935689e-01  2.09992454e-01    1.560556
 -1.733 -5.92286934e-01  3.50803813e-01  2.03761619e-01    1.502222
 -1.700 -5.98508139e-01  3.58211992e-01  1.98158687e-01    1.445000
 -1.667 -6.03326449e-01  3.64002805e-01  1.93090382e-01    1.388889
 -1.633 -6.06655406e-01  3.68030782e-01  1.88481817e-01    1.333889
 -1.600 -6.08412709e-01  3.70166025e-01  1.84272083e-01    1.280000
 -1.567 -6.08521011e-01  3.70297821e-01  1.80411077e-01    1.227222
 -1.533 -6.06908715e-01  3.68338188e-01  1.76857159e-01    1.175556
 -1.500 -6.03510763e-01  3.64225241e-01  1.73575408e-01    1.125000
 -1.467 -5.98269419e-01  3.57926298e-01  1.70536289e-01    1.075556
 -1.433 -5.91135022e-01  3.49440615e-01  1.67714640e-01    1.027222
 -1.400 -5.82066722e-01  3.38801669e-01  1.65088876e-01    0.980000
 -1.367 -5.71033171e-01  3.26078883e-01  1.62640364e-01    0.933889
 -1.333 -5.58013175e-01  3.11378704e-01  1.60352927e-01    0.888889
 -1.300 -5.42996290e-01  2.94844971e-01  1.58212449e-01    0.845000
 -1.267 -5.25983360e-01  2.76658495e-01  1.56206551e-01    0.802222
 -1.233 -5.06986988e-01  2.57035806e-01  1.54324329e-01    0.760556
 -1.200 -4.86031927e-01  2.36227034e-01  1.52556139e-01    0.720000
 -1.167 -4.63155393e-01  2.14512918e-01  1.50893420e-01    0.680556
 -1.133 -4.38407289e-01  1.92200951e-01  1.49328544e-01    0.642222
 -1.100 -4.11850334e-01  1.69620697e-01  1.47854693e-01    0.605000
 -1.067 -3.83560092e-01  1.47118344e-01  1.46465757e-01    0.568889
 -1.033 -3.53624904e-01  1.25050573e-01  1.45156240e-01    0.533889
 -1.000 -3.22145704e-01  1.03777854e-01  1.43921192e-01    0.500000
 -0.967 -2.89235735e-01  8.36573106e-02  1.42756142e-01    0.467222
 -0.933 -2.55020156e-01  6.50352798e-02  1.41657039e-01    0.435556
 -0.900 -2.19635530e-01  4.82397660e-02  1.40620214e-01    0.405000
 -0.867 -1.83229217e-01  3.35729459e-02  1.39642329e-01    0.375556
 -0.833 -1.45958651e-01  2.13039278e-02  1.38720350e-01    0.347222
 -0.800 -1.07990520e-01  1.16619524e-02  1.37851513e-01    0.320000
 -0.767 -6.94998446e-02  4.83022840e-03  1.37033294e-01    0.293889
 -0.733 -3.06689669e-02  9.40585528e-04  1.36263391e-01    0.268889
 -0.700  8.31354744e-03  6.91150710e-05  1.35539701e-01    0.245000
 -0.667  4.72540841e-02  2.23294846e-03  1.34860301e-01    0.222222
 -0.633  8.59552241e-02  7.38830055e-03  1.34223434e-01    0.200556
 -0.600  1.24217047e-01  1.54298747e-02  1.33627492e-01    0.180000
 -0.567  1.61838480e-01  2.61916935e-02  1.33071007e-01    0.160556
 -0.533  1.98618688e-01  3.94493834e-02  1.32552639e-01    0.142222
 -0.500  2.34358488e-01  5.49239007e-02  1.32071165e-01    0.125000
 -0.467  2.68861768e-01  7.22866502e-02  1.31625472e-01    0.108889
 -0.433  3.01936920e-01  9.11659036e-02  1.31214546e-01    0.093889
 -0.400  3.33398247e-01  1.11154391e-01  1.30837471e-01    0.080000
 -0.367  3.63067350e-01  1.31817901e-01  1.30493418e-01    0.067222
 -0.333  3.90774474e-01  1.52704689e-01  1.30181641e-01    0.055556
 -0.300  4.16359799e-01  1.73355482e-01  1.29901475e-01    0.045000
 -0.267  4.39674673e-01  1.93313818e-01  1.29652327e-01    0.035556
 -0.233  4.60582762e-01  2.12136481e-01  1.29433677e-01    0.027222
 -0.200  4.78961113e-01  2.29403748e-01  1.29245072e-01    0.020000
 -0.167  4.94701119e-01  2.44729197e-01  1.29086126e-01    0.013889
 -0.133  5.07709379e-01  2.57768813e-01  1.28956514e-01    0.008889
 -0.100  5.17908436e-01  2.68229148e-01  1.28855975e-01    0.005000
 -0.067  5.25237396e-01  2.75874322e-01  1.28784305e-01    0.002222
 -0.033  5.29652410e-01  2.80531676e-01  1.28741360e-01    0.000556
  0.000  5.31127028e-01  2.82095920e-01  1.28727054e-01    0.000000
  0.033  5.29652410e-01  2.80531676e-01  1.28741360e-01    0.000556
  0.067  5.25237396e-01  2.75874322e-01  1.28784305e-01    0.002222
  0.100  5.17908436e-01  2.68229148e-01  1.28855975e-01    0.005000
  0.133  5.07709379e-01  2.57768813e-01  1.28956514e-01    0.008889
  0.167  4.94701119e-01  2.44729197e-01  1.29086126e-01    0.013889
  0.200  4.78961113e-01  2.29403748e-01  1.29245072e-01    0.020000
  0.233  4.60582762e-01  2.12136481e-01  1.29433677e-01    0.027222
  0.267  4.39674673e-01  1.93313818e-01  1.29652327e-01    0.035556
  0.300  4.16359799e-01  1.73355482e-01  1.29901475e-01    0.045000
  0.333  3.90774474e-01  1.52704689e-01  1.30181641e-01    0.055556
  0.367  3.63067350e-01  1.31817901e-01  1.30493418e-01    0.067222
  0.400  3.33398247e-01  1.11154391e-01  1.30837471e-01    0.080000
  0.433  3.01936920e-01  9.11659036e-02  1.31214546e-01    0.093889
  0.467  2.68861768e-01  7.22866502e-02  1.31625472e-01    0.108889
  0.500  2.34358488e-01  5.49239007e-02  1.32071165e-01    0.125000
  0.533  1.98618688e-01  3.94493834e-02  1.32552639e-01    0.142222
  0.567  1.61838480e-01  2.61916935e-02  1.33071007e-01    0.160556
  0.600  1.24217047e-01  1.54298747e-02  1.33627492e-01    0.180000
  0.633  8.59552241e-02  7.38830055e-03  1.34223434e-01    0.200556
  0.667  4.72540841e-02  2.23294846e-03  1.34860301e-01    0.222222
  0.700  8.31354744e-03  6.91150710e-05  1.35539701e-01    0.245000
  0.733 -3.06689669e-02  9.40585528e-04  1.36263391e-01    0.268889
  0.767 -6.94998446e-02  4.83022840e-03  1.37033294e-01    0.293889
  0.800 -1.07990520e-01  1.16619524e-02  1.37851513e-01    0.320000
  0.833 -1.45958651e-01  2.13039278e-02  1.38720350e-01    0.347222
  0.867 -1.83229217e-01  3.35729459e-02  1.39642329e-01    0.375556
  0.900 -2.19635530e-01  4.82397660e-02  1.40620214e-01    0.405000
  0.933 -2.55020156e-01  6.50352798e-02  1.41657039e-01    0.435556
  0.967 -2.89235735e-01  8.36573106e-02  1.42756142e-01    0.467222
  1.000 -3.22145704e-01  1.03777854e-01  1.43921192e-01    0.500000
  1.033 -3.53624904e-01  1.25050573e-01  1.45156240e-01    0.533889
  1.067 -3.83560092e-01  1.47118344e-01  1.46465757e-01    0.568889
  1.100 -4.11850334e-01  1.69620697e-01  1.47854693e-01    0.605000
  1.133 -4.38407289e-01  1.92200951e-01  1.49328544e-01    0.642222
  1.167 -4.63155393e-01  2.14512918e-01  1.50893420e-01    0.680556
  1.200 -4.86031927e-01  2.36227034e-01  1.52556139e-01    0.720000
  1.233 -5.06986988e-01  2.57035806e-01  1.54324329e-01    0.760556
  1.267 -5.25983360e-01  2.76658495e-01  1.56206551e-01    0.802222
  1.300 -5.42996290e-01  2.94844971e-01  1.58212449e-01    0.845000
  1.333 -5.58013175e-01  3.11378704e-01  1.60352927e-01    0.888889
  1.367 -5.71033171e-01  3.26078883e-01  1.62640364e-01    0.933889
  1.400 -5.82066722e-01  3.38801669e-01  1.65088876e-01    0.980000
  1.433 -5.91135022e-01  3.49440615e-01  1.67714640e-01    1.027222
  1.467 -5.98269419e-01  3.57926298e-01  1.70536289e-01    1.075556
  1.500 -6.03510763e-01  3.64225241e-01  1.73575408e-01    1.125000
  1.533 -6.06908715e-01  3.68338188e-01  1.76857159e-01    1.175556
  1.567 -6.08521011e-01  3.70297821e-01  1.80411077e-01    1.227222
  1.600 -6.08412709e-01  3.70166025e-01  1.84272083e-01    1.280000
  1.633 -6.06655406e-01  3.68030782e-01  1.88481817e-01    1.333889
  1.667 -6.03326449e-01  3.64002805e-01  1.93090382e-01    1.388889
  1.700 -5.98508139e-01  3.58211992e-01  1.98158687e-01    1.445000
  1.733 -5.92286934e-01  3.50803813e-01  2.03761619e-01    1.502222
  1.767 -5.84752674e-01  3.41935689e-01  2.09992454e-01    1.560556
  1.800 -5.75997801e-01  3.31773467e-01  2.16969076e-01    1.620000
  1.833 -5.66116622e-01  3.20488030e-01  2.24842985e-01    1.680556
  1.867 -5.55204584e-01  3.08252130e-01  2.33812690e-01    1.742222
  1.900 -5.43357587e-01  2.95237468e-01  2.44144251e-01    1.805000
  1.933 -5.30671332e-01  2.81612063e-01  2.56203974e-01    1.868889
  1.967 -5.17240706e-01  2.67537948e-01  2.70512770e-01    1.933889
  2.000 -5.03159214e-01  2.53169195e-01  2.87841494e-01    2.000000
  2.033 -4.88518452e-01  2.38650278e-01  3.09389554e-01    2.067222
  2.067 -4.73407629e-01  2.24114783e-01  3.37149149e-01    2.135556
  2.100 -4.57913132e-01  2.09684437e-01  3.74736631e-01    2.205000
  2.133 -4.42118149e-01  1.95468458e-01  4.29617309e-01    2.275556
  2.167 -4.26102329e-01  1.81563195e-01  5.20719969e-01    2.347222
  2.200 -4.09941503e-01  1.68052036e-01  7.19588138e-01    2.420000
  2.233 -3.93707440e-01  1.55005548e-01  2.60275600e+00    2.493889
  2.267 -3.77467660e-01  1.42481834e-01  0.00000000e+00    2.568889
  2.300 -3.61285662e-01  1.30527329e-01  0.00000000e+00    2.645000
  2.333 -3.45219694e-01  1.19176637e-01  0.00000000e+00    2.722222
  2.367 -3.29323820e-01  1.08454178e-01  0.00000000e+00    2.800556
  2.400 -3.13647517e-01  9.83747648e-02  0.00000000e+00    2.880000
  2.433 -2.98235692e-01  8.89445278e-02  0.00000000e+00    2.960556
  2.467 -2.83128724e-01  8.01618744e-02  0.00000000e+00    3.042222
  2.500 -2.68362544e-01  7.20184551e-02  0.00000000e+00    3.125000
  2.533 -2.53968736e-01  6.45001188e-02  0.00000000e+00    3.208889
  2.567 -2.39974665e-01  5.75878400e-02  0.00000000e+00    3.293889
  2.600 -2.26403630e-01  5.12586038e-02  0.00000000e+00    3.380000
  2.633 -2.13275028e-01  4.54862376e-02  0.00000000e+00    3.467222
  2.667 -2.00604540e-01  4.02421816e-02  0.00000000e+00    3.555556
  2.700 -1.88404328e-01  3.54961909e-02  0.00000000e+00    3.645000
  2.733 -1.76683241e-01  3.12169675e-02  0.00000000e+00    3.735556
  2.767 -1.65447027e-01  2.73727187e-02  0.00000000e+00    3.827222
  2.800 -1.54698557e-01  2.39316434e-02  0.00000000e+00    3.920000
  2.833 -1.44438042e-01  2.08623480e-02  0.00000000e+00    4.013889
  2.867 -1.34663260e-01  1.81341935e-02  0.00000000e+00    4.108889
  2.900 -1.25369773e-01  1.57175799e-02  0.00000000e+00    4.205000
  2.933 -1.16551148e-01  1.35841701e-02  0.00000000e+00    4.302222
  2.967 -1.08199171e-01  1.17070607e-02  0.00000000e+00    4.400556
  3.000 -1.00304054e-01  1.00609032e-02  0.00000000e+00    4.500000
  3.033 -9.28546328e-02  8.62198284e-03  0.00000000e+00    4.600556
  3.067 -8.58385640e-02  7.36825908e-03  0.00000000e+00    4.702222
  3.100 -7.92425049e-02  6.27937458e-03  0.00000000e+00    4.805000
  3.133 -7.30522876e-02  5.33663673e-03  0.00000000e+00    4.908889
  3.167 -6.72530825e-02  4.52297711e-03  0.00000000e+00    5.013889
  3.200 -6.18295501e-02  3.82289327e-03  0.00000000e+00    5.120000
  3.233 -5.67659828e-02  3.22237680e-03  0.00000000e+00    5.227222
  3.267 -5.20464350e-02  2.70883140e-03  0.00000000e+00    5.335556
  3.300 -4.76548428e-02  2.27098405e-03  0.00000000e+00    5.445000
  3.333 -4.35751320e-02  1.89879213e-03  0.00000000e+00    5.555556
  3.367 -3.97913160e-02  1.58334883e-03  0.00000000e+00    5.667222
  3.400 -3.62875827e-02  1.31678866e-03  0.00000000e+00    5.780000
  3.433 -3.30483719e-02  1.09219488e-03  0.00000000e+00    5.893889
  3.467 -3.00584422e-02  9.03509950e-04  0.00000000e+00    6.008889
  3.500 -2.73029295e-02  7.45449961e-04  0.00000000e+00    6.125000
  3.533 -2.47673959e-02  6.13423898e-04  0.00000000e+00    6.242222
  3.567 -2.24378706e-02  5.03458038e-04  0.00000000e+00    6.360556
  3.600 -2.03008839e-02  4.12125886e-04  0.00000000e+00    6.480000
  3.633 -1.83434926e-02  3.36483720e-04  0.00000000e+00    6.600556
  3.667 -1.65533000e-02  2.74011742e-04  0.00000000e+00    6.722222
  3.700 -1.49184697e-02  2.22560737e-04  0.00000000e+00    6.845000
  3.733 -1.34277329e-02  1.80304011e-04  0.00000000e+00    6.968889
  3.767 -1.20703925e-02  1.45694376e-04  0.00000000e+00    7.093889
  3.800 -1.08363215e-02  1.17425863e-04  0.00000000e+00    7.220000
  3.833 -9.71595771e-03  9.43998342e-05  0.00000000e+00    7.347222
  3.867 -8.70029576e-03  7.56951462e-05  0.00000000e+00    7.475556
  3.900 -7.78087536e-03  6.05420213e-05  0.00000000e+00    7.605000
  3.933 -6.94976755e-03  4.82992690e-05  0.00000000e+00    7.735556
  3.967 -6.19955870e-03  3.84345281e-05  0.00000000e+00    7.867222
  4.000 -5.52333282e-03  3.05072054e-05  0.00000000e+00    8.000000
  4.033 -4.91465250e-03  2.41538092e-05  0.00000000e+00    8.133889
  4.067 -4.36753885e-03  1.90753956e-05  0.00000000e+00    8.268889
  4.100 -3.87645062e-03  1.50268694e-05  0.00000000e+00    8.405000
  4.133 -3.43626289e-03  1.18079027e-05  0.00000000e+00    8.542222
  4.167 -3.04224548e-03  9.25525756e-06  0.00000000e+00    8.680556
  4.200 -2.69004126e-03  7.23632199e-06  0.00000000e+00    8.820000
  4.233 -2.37564468e-03  5.64368763e-06  0.00000000e+00    8.960556
  4.267 -2.09538049e-03  4.39061940e-06  0.00000000e+00    9.102222
  4.300 -1.84588298e-03  3.40728397e-06  0.00000000e+00    9.245000
  4.333 -1.62407564e-03  2.63762169e-06  0.00000000e+00    9.388889
  4.367 -1.42715157e-03  2.03676159e-06  0.00000000e+00    9.533889
  4.400 -1.25255445e-03  1.56889266e-06  0.00000000e+00    9.680000
  4.433 -1.09796044e-03  1.20551714e-06  0.00000000e+00    9.827222
  4.467 -9.61260742e-04  9.24022214e-07  0.00000000e+00    9.975556
  4.500 -8.40545056e-04  7.06515991e-07  0.00000000e+00   10.125000
  4.533 -7.34085926e-04  5.38882147e-07  0.00000000e+00   10.275556
  4.567 -6.40323901e-04  4.10014698e-07  0.00000000e+00   10.427222
  4.600 -5.57853589e-04  3.11200627e-07  0.00000000e+00   10.580000
  4.633 -4.85410564e-04  2.35623416e-07  0.00000000e+00   10.733889
  4.667 -4.21859119e-04  1.77965116e-07  0.00000000e+00   10.888889
  4.700 -3.66180841e-04  1.34088408e-07  0.00000000e+00   11.045000
  4.733 -3.17463990e-04  1.00783385e-07  0.00000000e+00   11.202222
  4.767 -2.74893644e-04  7.55665157e-08  0.00000000e+00   11.360556
  4.800 -2.37742590e-04  5.65215391e-08  0.00000000e+00   11.520000
  4.833 -2.05362911e-04  4.21739251e-08  0.00000000e+00   11.680556
  4.867 -1.77178254e-04  3.13921338e-08  0.00000000e+00   11.842222
  4.900 -1.52676730e-04  2.33101840e-08  0.00000000e+00   12.005000
  4.933 -1.31404408e-04  1.72671184e-08  0.00000000e+00   12.168889
  4.967 -1.12959375e-04  1.27598203e-08  0.00000000e+00   12.333889
  5.000 -9.69863216e-05  9.40634657e-09  0.00000000e+00   12.500000
  5.033 -8.31716168e-05  6.91751785e-09  0.00000000e+00   12.667222
  5.067 -7.12388371e-05  5.07497192e-09  0.00000000e+00   12.835556
  5.100 -6.09447194e-05  3.71425882e-09  0.00000000e+00   13.005000
  5.133 -5.20755031e-05  2.71185802e-09  0.00000000e+00   13.175556
  5.167 -4.44436313e-05  1.97523637e-09  0.00000000e+00   13.347222
  5.200 -3.78847823e-05  1.43525673e-09  0.00000000e+00   13.520000
  5.233 -3.22552022e-05  1.04039807e-09  0.00000000e+00   13.693889
  5.267 -2.74293149e-05  7.52367314e-10  0.00000000e+00   13.868889
  5.300 -2.32975829e-05  5.42777367e-10  0.00000000e+00   14.045000
  5.333 -1.97645973e-05  3.90639305e-10  0.00000000e+00   14.222222
  5.367 -1.67473751e-05  2.80474573e-10  0.00000000e+00   14.400556
  5.400 -1.41738446e-05  2.00897872e-10  0.00000000e+00   14.580000
  5.433 -1.19814998e-05  1.43556338e-10  0.00000000e+00   14.760556
  5.467 -1.01162080e-05  1.02337663e-10  0.00000000e+00   14.942222
  5.500 -8.53115430e-06  7.27805936e-11  0.00000000e+00   15.125000
  5.533 -7.18590979e-06  5.16372995e-11  0.00000000e+00   15.308889
  5.567 -6.04560910e-06  3.65493894e-11  0.00000000e+00   15.493889
  5.600 -5.08022700e-06  2.58087064e-11  0.00000000e+00   15.680000
  5.633 -4.26394243e-06  1.81812051e-11  0.00000000e+00   15.867222
  5.667 -3.57458070e-06  1.27776272e-11  0.00000000e+00   16.055556
  5.700 -2.99312482e-06  8.95879620e-12  0.00000000e+00   16.245000
  5.733 -2.50328839e-06  6.26645277e-12  0.00000000e+00   16.435556
  5.767 -2.09114262e-06  4.37287746e-12  0.00000000e+00   16.627222
  5.800 -1.74479137e-06  3.04429691e-12  0.00000000e+00   16.820000
  5.833 -1.45408836e-06  2.11437296e-12  0.00000000e+00   17.013889
  5.867 -1.21039158e-06  1.46504778e-12  0.00000000e+00   17.208889
  5.900 -1.00635021e-06  1.01274075e-12  0.00000000e+00   17.405000
  5.933 -8.35720180e-07  6.98428220e-13  0.00000000e+00   17.602222
  5.967 -6.93204654e-07  4.80532692e-13  0.00000000e+00   17.800556
  6.000 -5.74316398e-07  3.29839325e-13  0.00000000e+00   18.000000
  6.033 -4.75259118e-07  2.25871229e-13  0.00000000e+00   18.200556
  6.067 -3.92825355e-07  1.54311759e-13  0.00000000e+00   18.402222
  6.100 -3.24308771e-07  1.05176179e-13  0.00000000e+00   18.605000
  6.133 -2.67428887e-07  7.15182094e-14  0.00000000e+00   18.808889
  6.167 -2.20266617e-07  4.85173824e-14  0.00000000e+00   19.013889
  6.200 -1.81209135e-07  3.28367506e-14  0.00000000e+00   19.220000
  6.233 -1.48902788e-07  2.21720403e-14  0.00000000e+00   19.427222
  6.267 -1.22212942e-07  1.49360031e-14  0.00000000e+00   19.635556
  6.300 -1.00189792e-07  1.00379944e-14  0.00000000e+00   19.845000
  6.333 -8.20392990e-08  6.73044658e-15  0.00000000e+00   20.055556
  6.367 -6.70985092e-08  4.50220993e-15  0.00000000e+00   20.267222
  6.400 -5.48146361e-08  3.00464433e-15  0.00000000e+00   20.480000
  6.433 -4.47273533e-08  2.00053614e-15  0.00000000e+00   20.693889
  6.467 -3.64538269e-08  1.32888150e-15  0.00000000e+00   20.908889
  6.500 -2.96760827e-08  8.80669887e-16  0.00000000e+00   21.125000
  6.533 -2.41303595e-08  5.82274250e-16  0.00000000e+00   21.342222
  6.567 -1.95981480e-08  3.84087405e-16  0.00000000e+00   21.560556
  6.600 -1.58986607e-08  2.52767412e-16  0.00000000e+00   21.780000
  6.633 -1.28825121e-08  1.65959117e-16  0.00000000e+00   22.000556
  6.667 -1.04264225e-08  1.08710287e-16  0.00000000e+00   22.222222
  6.700 -8.42878670e-09  7.10444452e-17  0.00000000e+00   22.445000
  6.733 -6.80596978e-09  4.63212247e-17  0.00000000e+00   22.668889
  6.767 -5.48921709e-09  3.01315042e-17  0.00000000e+00   22.893889
  6.800 -4.42207859e-09  1.95547790e-17  0.00000000e+00   23.120000
  6.833 -3.55826580e-09  1.26612555e-17  0.00000000e+00   23.347222
  6.867 -2.85987079e-09  8.17886094e-18  0.00000000e+00   23.575556
  6.900 -2.29588826e-09  5.27110290e-18  0.00000000e+00   23.805000
  6.933 -1.84099073e-09  3.38924686e-18  0.00000000e+00   24.035556
  6.967 -1.47451495e-09  2.17419435e-18  0.00000000e+00   24.267222
  7.000 -1.17962425e-09  1.39151337e-18  0.00000000e+00   24.500000
  7.033 -9.42617137e-10  8.88527067e-19  0.00000000e+00   24.733889
  7.067 -7.52357576e-10  5.66041922e-19  0.00000000e+00   24.968889
  7.100 -5.99805976e-10  3.59767209e-19  0.00000000e+00   25.205000
  7.133 -4.77633735e-10  2.28133985e-19  0.00000000e+00   25.442222
  7.167 -3.79906830e-10  1.44329199e-19  0.00000000e+00   25.680556
  7.200 -3.01826452e-10  9.10992074e-20  0.00000000e+00   25.920000
  7.233 -2.39516684e-10  5.73682420e-20  0.00000000e+00   26.160556
  7.267 -1.89850916e-10  3.60433703e-20  0.00000000e+00   26.402222
  7.300 -1.50310132e-10  2.25931357e-20  0.00000000e+00   26.645000
  7.333 -1.18867362e-10  1.41294497e-20  0.00000000e+00   26.888889
  7.367 -9.38935964e-11  8.81600744e-21  0.00000000e+00   27.133889
  7.400 -7.40812800e-11  5.48803604e-21  0.00000000e+00   27.380000
  7.433 -5.83821794e-11  3.40847887e-21  0.00000000e+00   27.627222
  7.467 -4.59569942e-11  2.11204532e-21  0.00000000e+00   27.875556
  7.500 -3.61345443e-11  1.30570529e-21  0.00000000e+00   28.125000
  7.533 -2.83787564e-11  8.05353817e-22  0.00000000e+00   28.375556
  7.567 -2.22619966e-11  4.95596494e-22  0.00000000e+00   28.627222
  7.600 -1.74435548e-11  3.04277606e-22  0.00000000e+00   28.880000
  7.633 -1.36523107e-11  1.86385587e-22  0.00000000e+00   29.133889
  7.667 -1.06727852e-11  1.13908344e-22  0.00000000e+00   29.388889
  7.700 -8.33393222e-12  6.94544263e-23  0.00000000e+00   29.645000
  7.733 -6.50014280e-12  4.22518564e-23  0.00000000e+00   29.902222
  7.767 -5.06403521e-12  2.56444526e-23  0.00000000e+00   30.160556
  7.800 -3.94068359e-12  1.55289871e-23  0.00000000e+00   30.420000
  7.833 -3.06300416e-12  9.38199448e-24  0.00000000e+00   30.680556
  7.867 -2.37807158e-12  5.65522442e-24  0.00000000e+00   30.942222
  7.900 -1.84418171e-12  3.40100619e-24  0.00000000e+00   31.205000
  7.933 -1.42851265e-12  2.04064840e-24  0.00000000e+00   31.468889
  7.967 -1.10526444e-12  1.22160948e-24  0.00000000e+00   31.733889
  8.000 -8.54181506e-13  7.29626046e-25  0.00000000e+00   32.000000
  8.033 -6.59380537e-13  4.34782692e-25  0.00000000e+00   32.267222
  8.067 -5.08421849e-13  2.58492777e-25  0.00000000e+00   32.535556
  8.100 -3.91574624e-13  1.53330686e-25  0.00000000e+00   32.805000
  8.133 -3.01236264e-13  9.07432867e-26  0.00000000e+00   33.075556
  8.167 -2.31474135e-13  5.35802752e-26  0.00000000e+00   33.347222
  8.200 -1.77664360e-13  3.15646248e-26  0.00000000e+00   33.620000
  8.233 -1.36207465e-13  1.85524736e-26  0.00000000e+00   33.893889
  8.267 -1.04304820e-13  1.08794955e-26  0.00000000e+00   34.168889
  8.300 -7.97830873e-14  6.36534102e-27  0.00000000e+00   34.445000
  8.333 -6.09565537e-14  3.71570144e-27  0.00000000e+00   34.722222
  8.367 -4.65193028e-14  2.16404554e-27  0.00000000e+00   35.000556
  8.400 -3.54608654e-14  1.25747297e-27  0.00000000e+00   35.280000
  8.433 -2.70003202e-14  7.29017293e-28  0.00000000e+00   35.560556
  8.467 -2.05348751e-14  4.21681097e-28  0.00000000e+00   35.842222
  8.500 -1.55997951e-14  2.43353607e-28  0.00000000e+00   36.125000
  8.533 -1.18372142e-14  1.40119640e-28  0.00000000e+00   36.408889
  8.567 -8.97189152e-15  8.04948375e-29  0.00000000e+00   36.693889
  8.600 -6.79238856e-15  4.61365423e-29  0.00000000e+00   36.980000
  8.633 -5.13647449e-15  2.63833702e-29  0.00000000e+00   37.267222
  8.667 -3.87982341e-15  1.50530297e-29  0.00000000e+00   37.555556
  8.700 -2.92727212e-15  8.56892207e-30  0.00000000e+00   37.845000
  8.733 -2.20606675e-15  4.86673050e-30  0.00000000e+00   38.135556
  8.767 -1.66065232e-15  2.75776613e-30  0.00000000e+00   38.427222
  8.800 -1.24865770e-15  1.55914605e-30  0.00000000e+00   38.720000
  8.833 -9.37805543e-16  8.79479236e-31  0.00000000e+00   39.013889
  8.867 -7.03537095e-16  4.94964444e-31  0.00000000e+00   39.308889
  8.900 -5.27188725e-16  2.77927952e-31  0.00000000e+00   39.605000
  8.933 -3.94593772e-16  1.55704245e-31  0.00000000e+00   39.902222
  8.967 -2.95011831e-16  8.70319806e-32  0.00000000e+00   40.200556
  9.000 -2.20309806e-16  4.85364105e-32  0.00000000e+00   40.500000
  9.033 -1.64336298e-16  2.70064189e-32  0.00000000e+00   40.800556
  9.067 -1.22444291e-16  1.49926043e-32  0.00000000e+00   41.102222
  9.100 -9.11274119e-17  8.30420520e-33  0.00000000e+00   41.405000
  9.133 -6.77431013e-17  4.58912778e-33  0.00000000e+00   41.708889
  9.167 -5.03021723e-17  2.53030854e-33  0.00000000e+00   42.013889
  9.200 -3.73090433e-17  1.39196471e-33  0.00000000e+00   42.320000
  9.233 -2.76405871e-17  7.64002058e-34  0.00000000e+00   42.627222
  9.267 -2.04543770e-17  4.18381540e-34  0.00000000e+00   42.935556
  9.300 -1.51192808e-17  2.28592653e-34  0.00000000e+00   43.245000
  9.333 -1.11630251e-17  1.24613130e-34  0.00000000e+00   43.555556
  9.367 -8.23262816e-18  6.77761664e-35  0.00000000e+00   43.867222
  9.400 -6.06458031e-18  3.67791343e-35  0.00000000e+00   44.180000
  9.433 -4.46239748e-18  1.99129913e-35  0.00000000e+00   44.493889
  9.467 -3.27974578e-18  1.07567324e-35  0.00000000e+00   44.808889
  9.500 -2.40776973e-18  5.79735506e-36  0.00000000e+00   45.125000
  9.533 -1.76558857e-18  3.11730298e-36  0.00000000e+00   45.442222
  9.567 -1.29317733e-18  1.67230762e-36  0.00000000e+00   45.760556
  9.600 -9.46040618e-19  8.94992851e-37  0.00000000e+00   46.080000
  9.633 -6.91232329e-19  4.77802133e-37  0.00000000e+00   46.400556
  9.667 -5.04384831e-19  2.54404057e-37  0.00000000e+00   46.722222
  9.700 -3.67493935e-19  1.35051792e-37  0.00000000e+00   47.045000
  9.733 -2.67269196e-19  7.14328229e-38  0.00000000e+00   47.368889
  9.767 -1.93906327e-19  3.75996637e-38  0.00000000e+00   47.693889
  9.800 -1.40174312e-19  1.96488378e-38  0.00000000e+00   48.020000
  9.833 -1.00736596e-19  1.01478617e-38  0.00000000e+00   48.347222
  9.867 -7.16459073e-20  5.13313603e-39  0.00000000e+00   48.675556
  9.900 -4.99672768e-20  2.49672876e-39  0.00000000e+00   49.005000
  9.933 -3.34950031e-20  1.12191523e-39  0.00000000e+00   49.335556
  9.967 -2.05375435e-20  4.21790693e-40  0.00000000e+00   49.667222
 10.000 -9.75024714e-21  9.50673193e-41  0.00000000e+00   50.000000
