-10.000 -9.87135233e-22  9.74435968e-43  0.00000000e+00   50.000000
 -9.967 -2.08149648e-21  4.33262758e-42  0.00000000e+00   49.667222
 -9.933 -3.40051336e-21  1.15634911e-41  0.00000000e+00   49.335556
 -9.900 -5.08405473e-21  2.58476125e-41  0.00000000e+00   49.005000
 -9.867 -7.30882637e-21  5.34189429e-41  0.00000000e+00   48.675556
 -9.833 -1.03062492e-20  1.06218772e-40  0.00000000e+00   48.347222
 -9.800 -1.43855619e-20  2.06944390e-40  0.00000000e+00   48.020000
 -9.767 -1.99643585e-20  3.98575610e-40  0.00000000e+00   47.693889
 -9.733 -2.76094410e-20  7.62281232e-40  0.00000000e+00   47.368889
 -9.700 -3.80917948e-20  1.45098483e-39  0.00000000e+00   47.045000
 -9.667 -5.24607621e-20  2.75213156e-39  0.00000000e+00   46.722222
 -9.633 -7.21441971e-20  5.20478518e-39  0.00000000e+00   46.400556
 -9.600 -9.90836850e-20  9.81757664e-39  0.00000000e+00   46.080000
 -9.567 -1.35916984e-19  1.84734265e-38  0.00000000e+00   45.760556
 -9.533 -1.86223959e-19  3.46793629e-38  0.00000000e+00   45.442222
 -9.500 -2.54857762e-19  6.49524788e-38  0.00000000e+00   45.125000
 -9.467 -3.48390302e-19  1.21375803e-37  0.00000000e+00   44.808889
 -9.433 -4.75710765e-19  2.26300732e-37  0.00000000e+00   44.493889
 -9.400 -6.48828811e-19  4.20978826e-37  0.00000000e+00   44.180000
 -9.367 -8.83951176e-19  7.81369681e-37  0.00000000e+00   43.867222
 -9.333 -1.20292301e-18  1.44702377e-36  0.00000000e+00   43.555556
 -9.300 -1.63515522e-18  2.67373259e-36  0.00000000e+00   43.245000
 -9.267 -2.22019858e-18  4.92928175e-36  0.00000000e+00   42.935556
 -9.233 -3.01117759e-18  9.06719048e-36  0.00000000e+00   42.627222
 -9.200 -4.07936557e-18  1.66412234e-35  0.00000000e+00   42.320000
 -9.167 -5.52027317e-18  3.04734159e-35  0.00000000e+00   42.013889
 -9.133 -7.46174099e-18  5.56775786e-35  0.00000000e+00   41.708889
 -9.100 -1.00746830e-17  1.01499238e-34  0.00000000e+00   41.405000
 -9.067 -1.35873322e-17  1.84615598e-34  0.00000000e+00   41.102222
 -9.033 -1.83041068e-17  3.35040326e-34  0.00000000e+00   40.800556
 -9.000 -2.46305657e-17  6.06664768e-34  0.00000000e+00   40.500000
 -8.967 -3.31063796e-17  1.09603237e-33  0.00000000e+00   40.200556
 -8.933 -4.44488374e-17  1.97569915e-33  0.00000000e+00   39.902222
 -8.900 -5.96101881e-17  3.55337453e-33  0.00000000e+00   39.605000
 -8.867 -7.98531225e-17  6.37652117e-33  0.00000000e+00   39.308889
 -8.833 -1.06850016e-16  1.14169260e-32  0.00000000e+00   39.013889
 -8.800 -1.42813255e-16  2.03956257e-32  0.00000000e+00   38.720000
 -8.767 -1.90666163e-16  3.63535857e-32  0.00000000e+00   38.427222
 -8.733 -2.54266929e-16  6.46516712e-32  0.00000000e+00   38.135556
 -8.700 -3.38701579e-16  1.14718760e-31  0.00000000e+00   37.845000
 -8.667 -4.50666845e-16  2.03100606e-31  0.00000000e+00   37.555556
 -8.633 -5.98969893e-16  3.58764932e-31  0.00000000e+00   37.267222
 -8.600 -7.95179772e-16  6.32310870e-31  0.00000000e+00   36.980000
 -8.567 -1.05447564e-15  1.11191888e-30  0.00000000e+00   36.693889
 -8.533 -1.39674982e-15  1.95091007e-30  0.00000000e+00   36.408889
 -8.500 -1.84804055e-15  3.41525386e-30  0.00000000e+00   36.125000
 -8.467 -2.44239054e-15  5.96527155e-30  0.00000000e+00   35.842222
 -8.433 -3.22425524e-15  1.03958219e-29  0.00000000e+00   35.560556
 -8.400 -4.25161919e-15  1.80762657e-29  0.00000000e+00   35.280000
 -8.367 -5.60002400e-15  3.13602688e-29  0.00000000e+00   35.000556
 -8.333 -7.36776812e-15  5.42840071e-29  0.00000000e+00   34.722222
 -8.300 -9.68261105e-15  9.37529567e-29  0.00000000e+00   34.445000
 -8.267 -1.27104066e-14  1.61554437e-28  0.00000000e+00   34.168889
 -8.233 -1.66662068e-14  2.77762451e-28  0.00000000e+00   33.893889
 -8.200 -2.18285254e-14  4.76484521e-28  0.00000000e+00   33.620000
 -8.167 -2.85576377e-14  8.15538671e-28  0.00000000e+00   33.347222
 -8.133 -3.73190305e-14  1.39271004e-27  0.00000000e+00   33.075556
 -8.100 -4.87134130e-14  2.37299661e-27  0.00000000e+00   32.805000
 -8.067 -6.35150783e-14  4.03416517e-27  0.00000000e+00   32.535556
 -8.033 -8.27208770e-14  6.84274349e-27  0.00000000e+00   32.267222
 -8.000 -1.07612662e-13  1.15804850e-26  0.00000000e+00   32.000000
 -7.967 -1.39836809e-13  1.95543333e-26  0.00000000e+00   31.733889
 -7.933 -1.81505365e-13  3.29441974e-26  0.00000000e+00   31.468889
 -7.900 -2.35324524e-13  5.53776314e-26  0.00000000e+00   31.205000
 -7.867 -3.04757645e-13  9.28772221e-26  0.00000000e+00   30.942222
 -7.833 -3.94231809e-13  1.55418719e-25  0.00000000e+00   30.680556
 -7.800 -5.09399229e-13  2.59487575e-25  0.00000000e+00   30.420000
 -7.767 -6.57467674e-13  4.32263742e-25  0.00000000e+00   30.160556
 -7.733 -8.47617584e-13  7.18455568e-25  0.00000000e+00   29.902222
 -7.700 -1.09152798e-12  1.19143334e-24  0.00000000e+00   29.645000
 -7.667 -1.40403872e-12  1.97132472e-24  0.00000000e+00   29.388889
 -7.633 -1.80398332e-12  3.25435581e-24  0.00000000e+00   29.133889
 -7.600 -2.31523512e-12  5.36031367e-24  0.00000000e+00   28.880000
 -7.567 -2.96801961e-12  8.80914040e-24  0.00000000e+00   28.627222
 -7.533 -3.80055862e-12  1.44442458e-23  0.00000000e+00   28.375556
 -7.500 -4.86112777e-12  2.36305632e-23  0.00000000e+00   28.125000
 -7.467 -6.21062766e-12  3.85718959e-23  0.00000000e+00   27.875556
 -7.433 -7.92579306e-12  6.28181956e-23  0.00000000e+00   27.627222
 -7.400 -1.01031934e-11  1.02074517e-22  0.00000000e+00   27.380000
 -7.367 -1.28642132e-11  1.65487980e-22  0.00000000e+00   27.133889
 -7.333 -1.63612444e-11  2.67690319e-22  0.00000000e+00   26.888889
 -7.300 -2.07853767e-11  4.32031886e-22  0.00000000e+00   26.645000
 -7.267 -2.63759341e-11  6.95689900e-22  0.00000000e+00   26.402222
 -7.233 -3.34322877e-11  1.11771786e-21  0.00000000e+00   26.160556
 -7.200 -4.23284687e-11  1.79169926e-21  0.00000000e+00   25.920000
 -7.167 -5.35312207e-11  2.86559159e-21  0.00000000e+00   25.680556
 -7.133 -6.76222751e-11  4.57277209e-21  0.00000000e+00   25.442222
 -7.100 -8.53257992e-11  7.28049200e-21  0.00000000e+00   25.205000
 -7.067 -1.07542175e-10  1.15653194e-20  0.00000000e+00   24.968889
 -7.033 -1.35389518e-10  1.83303216e-20  0.00000000e+00   24.733889
 -7.000 -1.70254639e-10  2.89866420e-20  0.00000000e+00   24.500000
 -6.967 -2.13855515e-10  4.57341812e-20  0.00000000e+00   24.267222
 -6.933 -2.68317780e-10  7.19944310e-20  0.00000000e+00   24.035556
 -6.900 -3.36268240e-10  1.13076329e-19  0.00000000e+00   23.805000
 -6.867 -4.20949068e-10  1.77198118e-19  0.00000000e+00   23.575556
 -6.833 -5.26357070e-10  2.77051765e-19  0.00000000e+00   23.347222
 -6.800 -6.57413282e-10  4.32192224e-19  0.00000000e+00   23.120000
 -6.767 -8.20169268e-10  6.72677629e-19  0.00000000e+00   22.893889
 -6.733 -1.02205769e-09  1.04460193e-18  0.00000000e+00   22.668889
 -6.700 -1.27219630e-09  1.61848343e-18  0.00000000e+00   22.445000
 -6.667 -1.58175617e-09  2.50195257e-18  0.00000000e+00   22.222222
 -6.633 -1.96440725e-09  3.85889583e-18  0.00000000e+00   22.000556
 -6.600 -2.43685671e-09  5.93827064e-18  0.00000000e+00   21.780000
 -6.567 -3.01949853e-09  9.11737139e-18  0.00000000e+00   21.560556
 -6.533 -3.73719624e-09  1.39666357e-17  0.00000000e+00   21.342222
 -6.500 -4.62022495e-09  2.13464786e-17  0.00000000e+00   21.125000
 -6.467 -5.70540343e-09  3.25516283e-17  0.00000000e+00   20.908889
 -6.433 -7.03745287e-09  4.95257429e-17  0.00000000e+00   20.693889
 -6.400 -8.67062540e-09  7.51797448e-17  0.00000000e+00   20.480000
 -6.367 -1.06706533e-08  1.13862842e-16  0.00000000e+00   20.267222
 -6.333 -1.31170790e-08  1.72057760e-16  0.00000000e+00   20.055556
 -6.300 -1.61060361e-08  2.59404400e-16  0.00000000e+00   19.845000
 -6.267 -1.97535652e-08  3.90203339e-16  0.00000000e+00   19.635556
 -6.233 -2.41995599e-08  5.85618698e-16  0.00000000e+00   19.427222
 -6.200 -2.96124587e-08  8.76897713e-16  0.00000000e+00   19.220000
 -6.167 -3.61948149e-08  1.31006463e-15  0.00000000e+00   19.013889
 -6.133 -4.41898987e-08  1.95274715e-15  0.00000000e+00   18.808889
 -6.100 -5.38895141e-08  2.90407973e-15  0.00000000e+00   18.605000
 -6.067 -6.56432396e-08  4.30903490e-15  0.00000000e+00   18.402222
 -6.033 -7.98693365e-08  6.37911092e-15  0.00000000e+00   18.200556
 -6.000 -9.70676098e-08  9.42212088e-15  0.00000000e+00   18.000000
 -5.967 -1.17834547e-07  1.38849804e-14  0.00000000e+00   17.800556
 -5.933 -1.42881113e-07  2.04150125e-14  0.00000000e+00   17.602222
 -5.900 -1.73053645e-07  2.99475642e-14  0.00000000e+00   17.405000
 -5.867 -2.09358338e-07  4.38309138e-14  0.00000000e+00   17.208889
 -5.833 -2.52989908e-07  6.40038936e-14  0.00000000e+00   17.013889
 -5.800 -3.05365097e-07  9.32478427e-14  0.00000000e+00   16.820000
 -5.767 -3.68161776e-07  1.35543093e-13  0.00000000e+00   16.627222
 -5.733 -4.43364515e-07  1.96572093e-13  0.00000000e+00   16.435556
 -5.700 -5.33317619e-07  2.84427683e-13  0.00000000e+00   16.245000
 -5.667 -6.40786754e-07  4.10607663e-13  0.00000000e+00   16.055556
 -5.633 -7.69030452e-07  5.91407837e-13  0.00000000e+00   15.867222
 -5.600 -9.21882965e-07  8.49868201e-13  0.00000000e+00   15.680000
 -5.567 -1.10385010e-06  1.21848504e-12  0.00000000e+00   15.493889
 -5.533 -1.32021993e-06  1.74298068e-12  0.00000000e+00   15.308889
 -5.500 -1.57719052e-06  2.48752992e-12  0.00000000e+00   15.125000
 -5.467 -1.88201691e-06  3.54198767e-12  0.00000000e+00   14.942222
 -5.433 -2.24318033e-06  5.03185797e-12  0.00000000e+00   14.760556
 -5.400 -2.67058222e-06  7.13200937e-12  0.00000000e+00   14.580000
 -5.367 -3.17576689e-06  1.00854953e-11  0.00000000e+00   14.400556
 -5.333 -3.77217622e-06  1.42293134e-11  0.00000000e+00   14.222222
 -5.300 -4.47544074e-06  2.00295698e-11  0.00000000e+00   14.045000
 -5.267 -5.30371182e-06  2.81293590e-11  0.00000000e+00   13.868889
 -5.233 -6.27803996e-06  3.94137857e-11  0.00000000e+00   13.693889
 -5.200 -7.42280515e-06  5.50980364e-11  0.00000000e+00   13.520000
 -5.167 -8.76620550e-06  7.68463589e-11  0.00000000e+00   13.347222
 -5.133 -1.03408111e-05  1.06932374e-10  0.00000000e+00   13.175556
 -5.100 -1.21841910e-05  1.48454510e-10  0.00000000e+00   13.005000
 -5.067 -1.43396214e-05  2.05624742e-10  0.00000000e+00   12.835556
 -5.033 -1.68568850e-05  2.84154571e-10  0.00000000e+00   12.667222
 -5.000 -1.97931703e-05  3.91769591e-10  0.00000000e+00   12.500000
 -4.967 -2.32140837e-05  5.38893681e-10  0.00000000e+00   12.333889
 -4.933 -2.71947841e-05  7.39556284e-10  0.00000000e+00   12.168889
 -4.900 -3.18212552e-05  1.01259228e-09  0.00000000e+00   12.005000
 -4.867 -3.71917272e-05  1.38322457e-09  0.00000000e+00   11.842222
 -4.833 -4.34182647e-05  1.88514571e-09  0.00000000e+00   11.680556
 -4.800 -5.06285360e-05  2.56324865e-09  0.00000000e+00   11.520000
 -4.767 -5.89677803e-05  3.47719911e-09  0.00000000e+00   11.360556
 -4.733 -6.86009928e-05  4.70609622e-09  0.00000000e+00   11.202222
 -4.700 -7.97153455e-05  6.35453630e-09  0.00000000e+00   11.045000
 -4.667 -9.25228639e-05  8.56048035e-09  0.00000000e+00   10.888889
 -4.633 -1.07263384e-04  1.15054335e-08  0.00000000e+00   10.733889
 -4.600 -1.24207805e-04  1.54275789e-08  0.00000000e+00   10.580000
 -4.567 -1.43661676e-04  2.06386771e-08  0.00000000e+00   10.427222
 -4.533 -1.65969115e-04  2.75457470e-08  0.00000000e+00   10.275556
 -4.500 -1.91517117e-04  3.66788059e-08  0.00000000e+00   10.125000
 -4.467 -2.20740250e-04  4.87262581e-08  0.00000000e+00    9.975556
 -4.433 -2.54125782e-04  6.45799132e-08  0.00000000e+00    9.827222
 -4.400 -2.92219251e-04  8.53920908e-08  0.00000000e+00    9.680000
 -4.367 -3.35630517e-04  1.12647844e-07  0.00000000e+00    9.533889
 -4.333 -3.85040314e-04  1.48256043e-07  0.00000000e+00    9.388889
 -4.300 -4.41207324e-04  1.94663903e-07  0.00000000e+00    9.245000
 -4.267 -5.04975811e-04  2.55000569e-07  0.00000000e+00    9.102222
 -4.233 -5.77283811e-04  3.33256598e-07  0.00000000e+00    8.960556
 -4.200 -6.59171928e-04  4.34507631e-07  0.00000000e+00    8.820000
 -4.167 -7.51792733e-04  5.65192313e-07  0.00000000e+00    8.680556
 -4.133 -8.56420780e-04  7.33456552e-07  0.00000000e+00    8.542222
 -4.100 -9.74463268e-04  9.49578660e-07  0.00000000e+00    8.405000
 -4.067 -1.10747133e-03  1.22649275e-06  0.00000000e+00    8.268889
 -4.033 -1.25715198e-03  1.58043109e-06  0.00000000e+00    8.133889
 -4.000 -1.42538065e-03  2.03170999e-06  0.00000000e+00    8.000000
 -3.967 -1.61421442e-03  2.60568820e-06  0.00000000e+00    7.867222
 -3.933 -1.82590580e-03  3.33393200e-06  0.00000000e+00    7.735556
 -3.900 -2.06291709e-03  4.25562690e-06  0.00000000e+00    7.605000
 -3.867 -2.32793527e-03  5.41928261e-06  0.00000000e+00    7.475556
 -3.833 -2.62388744e-03  6.88478529e-06  0.00000000e+00    7.347222
 -3.800 -2.95395660e-03  8.72585962e-06  0.00000000e+00    7.220000
 -3.767 -3.32159786e-03  1.10330124e-05  0.00000000e+00    7.093889
 -3.733 -3.73055486e-03  1.39170396e-05  0.00000000e+00    6.968889
 -3.700 -4.18487641e-03  1.75131906e-05  0.00000000e+00    6.845000
 -3.667 -4.68893317e-03  2.19860943e-05  0.00000000e+00    6.722222
 -3.633 -5.24743425e-03  2.75355663e-05  0.00000000e+00    6.600556
 -3.600 -5.86544361e-03  3.44034287e-05  0.00000000e+00    6.480000
 -3.567 -6.54839602e-03  4.28814905e-05  0.00000000e+00    6.360556
 -3.533 -7.30211257e-03  5.33208480e-05  0.00000000e+00    6.242222
 -3.500 -8.13281528e-03  6.61426844e-05  0.00000000e+00    6.125000
 -3.467 -9.04714081e-03  8.18507568e-05  0.00000000e+00    6.008889
 -3.433 -1.00521529e-02  1.01045778e-04  0.00000000e+00    5.893889
 -3.400 -1.11553534e-02  1.24441910e-04  0.00000000e+00    5.780000
 -3.367 -1.23646916e-02  1.52885598e-04  0.00000000e+00    5.667222
 -3.333 -1.36885711e-02  1.87376979e-04  0.00000000e+00    5.555556
 -3.300 -1.51358552e-02  2.29094111e-04  0.00000000e+00    5.445000
 -3.267 -1.67158685e-02  2.79420261e-04  0.00000000e+00    5.335556
 -3.233 -1.84383969e-02  3.39974479e-04  0.00000000e+00    5.227222
 -3.200 -2.03136825e-02  4.12645697e-04  0.00000000e+00    5.120000
 -3.167 -2.23524168e-02  4.99630535e-04  0.00000000e+00    5.013889
 -3.133 -2.45657280e-02  6.03474991e-04  0.00000000e+00    4.908889
 -3.100 -2.69651653e-02  7.27120142e-04  0.00000000e+00    4.805000
 -3.067 -2.95626779e-02  8.73951923e-04  0.00000000e+00    4.702222
 -3.033 -3.23705882e-02  1.04785498e-03  0.00000000e+00    4.600556
 -3.000 -3.54015611e-02  1.25327053e-03  0.00000000e+00    4.500000
 -2.967 -3.86685660e-02  1.49525800e-03  0.00000000e+00    4.400556
 -2.933 -4.21848334e-02  1.77956017e-03  0.00000000e+00    4.302222
 -2.900 -4.59638052e-02  2.11267139e-03  0.00000000e+00    4.205000
 -2.867 -5.00190779e-02  2.50190815e-03  0.00000000e+00    4.108889
 -2.833 -5.43643392e-02  2.95548137e-03  0.00000000e+00    4.013889
 -2.800 -5.90132973e-02  3.48256926e-03  0.00000000e+00    3.920000
 -2.767 -6.39796037e-02  4.09338969e-03  0.00000000e+00    3.827222
 -2.733 -6.92767674e-02  4.79927051e-03  0.00000000e+00    3.735556
 -2.700 -7.49180630e-02  5.61271616e-03  0.00000000e+00    3.645000
 -2.667 -8.09164308e-02  6.54746877e-03  0.00000000e+00    3.555556
 -2.633 -8.72843700e-02  7.61856125e-03  0.00000000e+00    3.467222
 -2.600 -9.40338253e-02  8.84236030e-03  0.00000000e+00    3.380000
 -2.567 -1.01176065e-01  1.02365962e-02  0.00000000e+00    3.293889
 -2.533 -1.08721557e-01  1.18203770e-02  0.00000000e+00    3.208889
 -2.500 -1.16679833e-01  1.36141833e-02  0.00000000e+00    3.125000
 -2.467 -1.25059349e-01  1.56398409e-02  0.00000000e+00    3.042222
 -2.433 -1.33867350e-01  1.79204675e-02  0.00000000e+00    2.960556
 -2.400 -1.43109715e-01  2.04803905e-02  0.00000000e+00    2.880000
 -2.367 -1.52790809e-01  2.33450315e-02  0.00000000e+00    2.800556
 -2.333 -1.62913336e-01  2.65407550e-02  0.00000000e+00    2.722222
 -2.300 -1.73478177e-01  3.00946780e-02  0.00000000e+00    2.645000
 -2.267 -1.84484246e-01  3.40344371e-02  0.00000000e+00    2.568889
 -2.233 -1.95928332e-01  3.83879111e-02  0.00000000e+00    2.493889
 -2.200 -2.07804950e-01  4.31828971e-02  0.00000000e+00    2.420000
 -2.167 -2.20106199e-01  4.84467387e-02  0.00000000e+00    2.347222
 -2.133 -2.32821619e-01  5.42059064e-02  0.00000000e+00    2.275556
 -2.100 -2.45938062e-01  6.04855302e-02  0.00000000e+00    2.205000
 -2.067 -2.59439561e-01  6.73088861e-02  0.00000000e+00    2.135556
 -2.033 -2.73307225e-01  7.46968393e-02  0.00000000e+00    2.067222
 -2.000 -2.87519129e-01  8.26672494e-02  0.00000000e+00    2.000000
 -1.967 -3.02050230e-01  9.12343416e-02  0.00000000e+00    1.933889
 -1.933 -3.16872295e-01  1.00408051e-01  0.00000000e+00    1.868889
 -1.900 -3.31953840e-01  1.10193352e-01  0.00000000e+00    1.805000
 -1.867 -3.47260099e-01  1.20589577e-01  0.00000000e+00    1.742222
 -1.833 -3.62753001e-01  1.31589740e-01  0.00000000e+00    1.680556
 -1.800 -3.78391176e-01  1.43179882e-01  0.00000000e+00    1.620000
 -1.767 -3.94129985e-01  1.55338445e-01  0.00000000e+00    1.560556
 -1.733 -4.09921566e-01  1.68035690e-01  0.00000000e+00    1.502222
 -1.700 -4.25715168e-01  1.81233405e-01  1.05239798e+00    1.445000
 -1.667 -4.41456493e-01  1.94883836e-01  7.40438096e-01    1.388889
 -1.633 -4.57088584e-01  2.08929974e-01  6.05578092e-01    1.333889
 -1.600 -4.72551729e-01  2.23305137e-01  5.26210058e-01    1.280000
 -1.567 -4.87783650e-01  2.37932889e-01  4.72570471e-01    1.227222
 -1.533 -5.02719709e-01  2.52727106e-01  4.33312576e-01    1.175556
 -1.500 -5.17293156e-01  2.67592210e-01  4.03047387e-01    1.125000
 -1.467 -5.31435393e-01  2.82423577e-01  3.78844970e-01    1.075556
 -1.433 -5.45076267e-01  2.97108137e-01  3.58957958e-01    1.027222
 -1.400 -5.58144398e-01  3.11525169e-01  3.42271367e-01    0.980000
 -1.367 -5.70567514e-01  3.25547288e-01  3.28036000e-01    0.933889
 -1.333 -5.82272828e-01  3.39041646e-01  3.15727451e-01    0.888889
 -1.300 -5.93187419e-01  3.51871314e-01  3.04966305e-01    0.845000
 -1.267 -6.03238648e-01  3.63896866e-01  2.95470415e-01    0.802222
 -1.233 -6.12354575e-01  3.74978126e-01  2.87025081e-01    0.760556
 -1.200 -6.20464404e-01  3.84976077e-01  2.79463678e-01    0.720000
 -1.167 -6.27498927e-01  3.93754904e-01  2.72654679e-01    0.680556
 -1.133 -6.33390988e-01  4.01184144e-01  2.66492722e-01    0.642222
 -1.100 -6.38075939e-01  4.07140904e-01  2.60892301e-01    0.605000
 -1.067 -6.41492111e-01  4.11512128e-01  2.55783223e-01    0.568889
 -1.033 -6.43581268e-01  4.14196848e-01  2.51107277e-01    0.533889
 -1.000 -6.44289069e-01  4.15108404e-01  2.46815744e-01    0.500000
 -0.967 -6.43565510e-01  4.14176565e-01  2.42867520e-01    0.467222
 -0.933 -6.41365355e-01  4.11349519e-01  2.39227665e-01    0.435556
 -0.900 -6.37648555e-01  4.06595680e-01  2.35866281e-01    0.405000
 -0.867 -6.32380635e-01  3.99905268e-01  2.32757633e-01    0.375556
 -0.833 -6.25533063e-01  3.91291613e-01  2.29879451e-01    0.347222
 -0.800 -6.17083590e-01  3.80792158e-01  2.27212363e-01    0.320000
 -0.767 -6.07016555e-01  3.68469098e-01  2.24739451e-01    0.293889
 -0.733 -5.95323152e-01  3.54409655e-01  2.22445877e-01    0.268889
 -0.700 -5.82001665e-01  3.38725938e-01  2.20318585e-01    0.245000
 -0.667 -5.67057655e-01  3.21554384e-01  2.18346050e-01    0.222222
 -0.633 -5.50504104e-01  3.03054769e-01  2.16518074e-01    0.200556
 -0.600 -5.32361516e-01  2.83408783e-01  2.14825612e-01    0.180000
 -0.567 -5.12657960e-01  2.62818184e-01  2.13260625e-01    0.160556
 -0.533 -4.91429080e-01  2.41502541e-01  2.11815964e-01    0.142222
 -0.500 -4.68718034e-01  2.19696595e-01  2.10485263e-01    0.125000
 -0.467 -4.44575395e-01  1.97647282e-01  2.09262851e-01    0.108889
 -0.433 -4.19059000e-01  1.75610446e-01  2.08143682e-01    0.093889
 -0.400 -3.92233740e-01  1.53847307e-01  2.07123266e-01    0.080000
 -0.367 -3.64171302e-01  1.32620737e-01  2.06197618e-01    0.067222
 -0.333 -3.34949871e-01  1.12191416e-01  2.05363210e-01    0.055556
 -0.300 -3.04653768e-01  9.28139186e-02  2.04616934e-01    0.045000
 -0.267 -2.73373058e-01  7.47328291e-02  2.03956064e-01    0.035556
 -0.233 -2.41203105e-01  5.81789377e-02  2.03378230e-01    0.027222
 -0.200 -2.08244089e-01  4.33656005e-02  2.02881394e-01    0.020000
 -0.167 -1.74600492e-01  3.04853320e-02  2.02463826e-01    0.013889
 -0.133 -1.40380546e-01  1.97066978e-02  2.02124090e-01    0.008889
 -0.100 -1.05695651e-01  1.11715707e-02  2.01861030e-01    0.005000
 -0.067 -7.06597727e-02  4.99280347e-03  2.01673758e-01    0.002222
 -0.033 -3.53888187e-02  1.25236849e-03  2.01561645e-01    0.000556
  0.000  0.00000000e+00  0.00000000e+00  2.01524315e-01    0.000000
  0.033  3.53888187e-02  1.25236849e-03  2.01561645e-01    0.000556
  0.067  7.06597727e-02  4.99280347e-03  2.01673758e-01    0.002222
  0.100  1.05695651e-01  1.11715707e-02  2.01861030e-01    0.005000
  0.133  1.40380546e-01  1.97066978e-02  2.02124090e-01    0.008889
  0.167  1.74600492e-01  3.04853320e-02  2.02463826e-01    0.013889
  0.200  2.08244089e-01  4.33656005e-02  2.02881394e-01    0.020000
  0.233  2.41203105e-01  5.81789377e-02  2.03378230e-01    0.027222
  0.267  2.73373058e-01  7.47328291e-02  2.03956064e-01    0.035556
  0.300  3.04653768e-01  9.28139186e-02  2.04616934e-01    0.045000
  0.333  3.34949871e-01  1.12191416e-01  2.05363210e-01    0.055556
  0.367  3.64171302e-01  1.32620737e-01  2.06197618e-01    0.067222
  0.400  3.92233740e-01  1.53847307e-01  2.07123266e-01    0.080000
  0.433  4.19059000e-01  1.75610446e-01  2.08143682e-01    0.093889
  0.467  4.44575395e-01  1.97647282e-01  2.09262851e-01    0.108889
  0.500  4.68718034e-01  2.19696595e-01  2.10485263e-01    0.125000
  0.533  4.91429080e-01  2.41502541e-01  2.11815964e-01    0.142222
  0.567  5.12657960e-01  2.62818184e-01  2.13260625e-01    0.160556
  0.600  5.32361516e-01  2.83408783e-01  2.14825612e-01    0.180000
  0.633  5.50504104e-01  3.03054769e-01  2.16518074e-01    0.200556
  0.667  5.67057655e-01  3.21554384e-01  2.18346050e-01    0.222222
  0.700  5.82001665e-01  3.38725938e-01  2.20318585e-01    0.245000
  0.733  5.95323152e-01  3.54409655e-01  2.22445877e-01    0.268889
  0.767  6.07016555e-01  3.68469098e-01  2.24739451e-01    0.293889
  0.800  6.17083590e-01  3.80792158e-01  2.27212363e-01    0.320000
  0.833  6.25533063e-01  3.91291613e-01  2.29879451e-01    0.347222
  0.867  6.32380635e-01  3.99905268e-01  2.32757633e-01    0.375556
  0.900  6.37648555e-01  4.06595680e-01  2.35866281e-01    0.405000
  0.933  6.41365355e-01  4.11349519e-01  2.39227665e-01    0.435556
  0.967  6.43565510e-01  4.14176565e-01  2.42867520e-01    0.467222
  1.000  6.44289069e-01  4.15108404e-01  2.46815744e-01    0.500000
  1.033  6.43581268e-01  4.14196848e-01  2.51107277e-01    0.533889
  1.067  6.41492111e-01  4.11512128e-01  2.55783223e-01    0.568889
  1.100  6.38075939e-01  4.07140904e-01  2.60892301e-01    0.605000
  1.133  6.33390988e-01  4.01184144e-01  2.66492722e-01    0.642222
  1.167  6.27498927e-01  3.93754904e-01  2.72654679e-01    0.680556
  1.200  6.20464404e-01  3.84976077e-01  2.79463678e-01    0.720000
  1.233  6.12354575e-01  3.74978126e-01  2.87025081e-01    0.760556
  1.267  6.03238648e-01  3.63896866e-01  2.95470415e-01    0.802222
  1.300  5.93187419e-01  3.51871314e-01  3.04966305e-01    0.845000
  1.333  5.82272828e-01  3.39041646e-01  3.15727451e-01    0.888889
  1.367  5.70567514e-01  3.25547288e-01  3.28036000e-01    0.933889
  1.400  5.58144398e-01  3.11525169e-01  3.42271367e-01    0.980000
  1.433  5.45076267e-01  2.97108137e-01  3.58957958e-01    1.027222
  1.467  5.31435393e-01  2.82423577e-01  3.78844970e-01    1.075556
  1.500  5.17293156e-01  2.67592210e-01  4.03047387e-01    1.125000
  1.533  5.02719709e-01  2.52727106e-01  4.33312576e-01    1.175556
  1.567  4.87783650e-01  2.37932889e-01  4.72570471e-01    1.227222
  1.600  4.72551729e-01  2.23305137e-01  5.26210058e-01    1.280000
  1.633  4.57088584e-01  2.08929974e-01  6.05578092e-01    1.333889
  1.667  4.41456493e-01  1.94883836e-01  7.40438096e-01    1.388889
  1.700  4.25715168e-01  1.81233405e-01  1.05239798e+00    1.445000
  1.733  4.09921566e-01  1.68035690e-01  0.00000000e+00    1.502222
  1.767  3.94129985e-01  1.55338445e-01  0.00000000e+00    1.560556
  1.800  3.78391176e-01  1.43179882e-01  0.00000000e+00    1.620000
  1.833  3.62753001e-01  1.31589740e-01  0.00000000e+00    1.680556
  1.867  3.47260099e-01  1.20589577e-01  0.00000000e+00    1.742222
  1.900  3.31953840e-01  1.10193352e-01  0.00000000e+00    1.805000
  1.933  3.16872295e-01  1.00408051e-01  0.00000000e+00    1.868889
  1.967  3.02050230e-01  9.12343416e-02  0.00000000e+00    1.933889
  2.000  2.87519129e-01  8.26672494e-02  0.00000000e+00    2.000000
  2.033  2.73307225e-01  7.46968393e-02  0.00000000e+00    2.067222
  2.067  2.59439561e-01  6.73088861e-02  0.00000000e+00    2.135556
  2.100  2.45938062e-01  6.04855302e-02  0.00000000e+00    2.205000
  2.133  2.32821619e-01  5.42059064e-02  0.00000000e+00    2.275556
  2.167  2.20106199e-01  4.84467387e-02  0.00000000e+00    2.347222
  2.200  2.07804950e-01  4.31828971e-02  0.00000000e+00    2.420000
  2.233  1.95928332e-01  3.83879111e-02  0.00000000e+00    2.493889
  2.267  1.84484246e-01  3.40344371e-02  0.00000000e+00    2.568889
  2.300  1.73478177e-01  3.00946780e-02  0.00000000e+00    2.645000
  2.333  1.62913336e-01  2.65407550e-02  0.00000000e+00    2.722222
  2.367  1.52790809e-01  2.33450315e-02  0.00000000e+00    2.800556
  2.400  1.43109715e-01  2.04803905e-02  0.00000000e+00    2.880000
  2.433  1.33867350e-01  1.79204675e-02  0.00000000e+00    2.960556
  2.467  1.25059349e-01  1.56398409e-02  0.00000000e+00    3.042222
  2.500  1.16679833e-01  1.36141833e-02  0.00000000e+00    3.125000
  2.533  1.08721557e-01  1.18203770e-02  0.00000000e+00    3.208889
  2.567  1.01176065e-01  1.02365962e-02  0.00000000e+00    3.293889
  2.600  9.40338253e-02  8.84236030e-03  0.00000000e+00    3.380000
  2.633  8.72843700e-02  7.61856125e-03  0.00000000e+00    3.467222
  2.667  8.09164308e-02  6.54746877e-03  0.00000000e+00    3.555556
  2.700  7.49180630e-02  5.61271616e-03  0.00000000e+00    3.645000
  2.733  6.92767674e-02  4.79927051e-03  0.00000000e+00    3.735556
  2.767  6.39796037e-02  4.09338969e-03  0.00000000e+00    3.827222
  2.800  5.90132973e-02  3.48256926e-03  0.00000000e+00    3.920000
  2.833  5.43643392e-02  2.95548137e-03  0.00000000e+00    4.013889
  2.867  5.00190779e-02  2.50190815e-03  0.00000000e+00    4.108889
  2.900  4.59638052e-02  2.11267139e-03  0.00000000e+00    4.205000
  2.933  4.21848334e-02  1.77956017e-03  0.00000000e+00    4.302222
  2.967  3.86685660e-02  1.49525800e-03  0.00000000e+00    4.400556
  3.000  3.54015611e-02  1.25327053e-03  0.00000000e+00    4.500000
  3.033  3.23705882e-02  1.04785498e-03  0.00000000e+00    4.600556
  3.067  2.95626779e-02  8.73951923e-04  0.00000000e+00    4.702222
  3.100  2.69651653e-02  7.27120142e-04  0.00000000e+00    4.805000
  3.133  2.45657280e-02  6.03474991e-04  0.00000000e+00    4.908889
  3.167  2.23524168e-02  4.99630535e-04  0.00000000e+00    5.013889
  3.200  2.03136825e-02  4.12645697e-04  0.00000000e+00    5.120000
  3.233  1.84383969e-02  3.39974479e-04  0.00000000e+00    5.227222
  3.267  1.67158685e-02  2.79420261e-04  0.00000000e+00    5.335556
  3.300  1.51358552e-02  2.29094111e-04  0.00000000e+00    5.445000
  3.333  1.36885711e-02  1.87376979e-04  0.00000000e+00    5.555556
  3.367  1.23646916e-02  1.52885598e-04  0.00000000e+00    5.667222
  3.400  1.11553534e-02  1.24441910e-04  0.00000000e+00    5.780000
  3.433  1.00521529e-02  1.01045778e-04  0.00000000e+00    5.893889
  3.467  9.04714081e-03  8.18507568e-05  0.00000000e+00    6.008889
  3.500  8.13281528e-03  6.61426844e-05  0.00000000e+00    6.125000
  3.533  7.30211257e-03  5.33208480e-05  0.00000000e+00    6.242222
  3.567  6.54839602e-03  4.28814905e-05  0.00000000e+00    6.360556
  3.600  5.86544361e-03  3.44034287e-05  0.00000000e+00    6.480000
  3.633  5.24743425e-03  2.75355663e-05  0.00000000e+00    6.600556
  3.667  4.68893317e-03  2.19860943e-05  0.00000000e+00    6.722222
  3.700  4.18487641e-03  1.75131906e-05  0.00000000e+00    6.845000
  3.733  3.73055486e-03  1.39170396e-05  0.00000000e+00    6.968889
  3.767  3.32159786e-03  1.10330124e-05  0.00000000e+00    7.093889
  3.800  2.95395660e-03  8.72585962e-06  0.00000000e+00    7.220000
  3.833  2.62388744e-03  6.88478529e-06  0.00000000e+00    7.347222
  3.867  2.32793527e-03  5.41928261e-06  0.00000000e+00    7.475556
  3.900  2.06291709e-03  4.25562690e-06  0.00000000e+00    7.605000
  3.933  1.82590580e-03  3.33393200e-06  0.00000000e+00    7.735556
  3.967  1.61421442e-03  2.60568820e-06  0.00000000e+00    7.867222
  4.000  1.42538065e-03  2.03170999e-06  0.00000000e+00    8.000000
  4.033  1.25715198e-03  1.58043109e-06  0.00000000e+00    8.133889
  4.067  1.10747133e-03  1.22649275e-06  0.00000000e+00    8.268889
  4.100  9.74463268e-04  9.49578660e-07  0.00000000e+00    8.405000
  4.133  8.56420780e-04  7.33456552e-07  0.00000000e+00    8.542222
  4.167  7.51792733e-04  5.65192313e-07  0.00000000e+00    8.680556
  4.200  6.59171928e-04  4.34507631e-07  0.00000000e+00    8.820000
  4.233  5.77283811e-04  3.33256598e-07  0.00000000e+00    8.960556
  4.267  5.04975811e-04  2.55000569e-07  0.00000000e+00    9.102222
  4.300  4.41207324e-04  1.94663903e-07  0.00000000e+00    9.245000
  4.333  3.85040314e-04  1.48256043e-07  0.00000000e+00    9.388889
  4.367  3.35630517e-04  1.12647844e-07  0.00000000e+00    9.533889
  4.400  2.92219251e-04  8.53920908e-08  0.00000000e+00    9.680000
  4.433  2.54125782e-04  6.45799132e-08  0.00000000e+00    9.827222
  4.467  2.20740250e-04  4.87262581e-08  0.00000000e+00    9.975556
  4.500  1.91517117e-04  3.66788059e-08  0.00000000e+00   10.125000
  4.533  1.65969115e-04  2.75457470e-08  0.00000000e+00   10.275556
  4.567  1.43661676e-04  2.06386771e-08  0.00000000e+00   10.427222
  4.600  1.24207805e-04  1.54275789e-08  0.00000000e+00   10.580000
  4.633  1.07263384e-04  1.15054335e-08  0.00000000e+00   10.733889
  4.667  9.25228639e-05  8.56048035e-09  0.00000000e+00   10.888889
  4.700  7.97153455e-05  6.35453630e-09  0.00000000e+00   11.045000
  4.733  6.86009928e-05  4.70609622e-09  0.00000000e+00   11.202222
  4.767  5.89677803e-05  3.47719911e-09  0.00000000e+00   11.360556
  4.800  5.06285360e-05  2.56324865e-09  0.00000000e+00   11.520000
  4.833  4.34182647e-05  1.88514571e-09  0.00000000e+00   11.680556
  4.867  3.71917272e-05  1.38322457e-09  0.00000000e+00   11.842222
  4.900  3.18212552e-05  1.01259228e-09  0.00000000e+00   12.005000
  4.933  2.71947841e-05  7.39556284e-10  0.00000000e+00   12.168889
  4.967  2.32140837e-05  5.38893681e-10  0.00000000e+00   12.333889
  5.000  1.97931703e-05  3.91769591e-10  0.00000000e+00   12.500000
  5.033  1.68568850e-05  2.84154571e-10  0.00000000e+00   12.667222
  5.067  1.43396214e-05  2.05624742e-10  0.00000000e+00   12.835556
  5.100  1.21841910e-05  1.48454510e-10  0.00000000e+00   13.005000
  5.133  1.03408111e-05  1.06932374e-10  0.00000000e+00   13.175556
  5.167  8.76620550e-06  7.68463589e-11  0.00000000e+00   13.347222
  5.200  7.42280515e-06  5.50980364e-11  0.00000000e+00   13.520000
  5.233  6.27803996e-06  3.94137857e-11  0.00000000e+00   13.693889
  5.267  5.30371182e-06  2.81293590e-11  0.00000000e+00   13.868889
  5.300  4.47544074e-06  2.00295698e-11  0.00000000e+00   14.045000
  5.333  3.77217622e-06  1.42293134e-11  0.00000000e+00   14.222222
  5.367  3.17576689e-06  1.00854953e-11  0.00000000e+00   14.400556
  5.400  2.67058222e-06  7.13200937e-12  0.00000000e+00   14.580000
  5.433  2.24318033e-06  5.03185797e-12  0.00000000e+00   14.760556
  5.467  1.88201691e-06  3.54198767e-12  0.00000000e+00   14.942222
  5.500  1.57719052e-06  2.48752992e-12  0.00000000e+00   15.125000
  5.533  1.32021993e-06  1.74298068e-12  0.00000000e+00   15.308889
  5.567  1.10385010e-06  1.21848504e-12  0.00000000e+00   15.493889
  5.600  9.21882965e-07  8.49868201e-13  0.00000000e+00   15.680000
  5.633  7.69030452e-07  5.91407837e-13  0.00000000e+00   15.867222
  5.667  6.40786754e-07  4.10607663e-13  0.00000000e+00   16.055556
  5.700  5.33317619e-07  2.84427683e-13  0.00000000e+00   16.245000
  5.733  4.43364515e-07  1.96572093e-13  0.00000000e+00   16.435556
  5.767  3.68161776e-07  1.35543093e-13  0.00000000e+00   16.627222
  5.800  3.05365097e-07  9.32478427e-14  0.00000000e+00   16.820000
  5.833  2.52989908e-07  6.40038936e-14  0.00000000e+00   17.013889
  5.867  2.09358338e-07  4.38309138e-14  0.00000000e+00   17.208889
  5.900  1.73053645e-07  2.99475642e-14  0.00000000e+00   17.405000
  5.933  1.42881113e-07  2.04150125e-14  0.00000000e+00   17.602222
  5.967  1.17834547e-07  1.38849804e-14  0.00000000e+00   17.800556
  6.000  9.70676098e-08  9.42212088e-15  0.00000000e+00   18.000000
  6.033  7.98693365e-08  6.37911092e-15  0.00000000e+00   18.200556
  6.067  6.56432396e-08  4.30903490e-15  0.00000000e+00   18.402222
  6.100  5.38895141e-08  2.90407973e-15  0.00000000e+00   18.605000
  6.133  4.41898987e-08  1.95274715e-15  0.00000000e+00   18.808889
  6.167  3.61948149e-08  1.31006463e-15  0.00000000e+00   19.013889
  6.200  2.96124587e-08  8.76897713e-16  0.00000000e+00   19.220000
  6.233  2.41995599e-08  5.85618698e-16  0.00000000e+00   19.427222
  6.267  1.97535652e-08  3.90203339e-16  0.00000000e+00   19.635556
  6.300  1.61060361e-08  2.59404400e-16  0.00000000e+00   19.845000
  6.333  1.31170790e-08  1.72057760e-16  0.00000000e+00   20.055556
  6.367  1.06706533e-08  1.13862842e-16  0.00000000e+00   20.267222
  6.400  8.67062540e-09  7.51797448e-17  0.00000000e+00   20.480000
  6.433  7.03745287e-09  4.95257429e-17  0.00000000e+00   20.693889
  6.467  5.70540343e-09  3.25516283e-17  0.00000000e+00   20.908889
  6.500  4.62022495e-09  2.13464786e-17  0.00000000e+00   21.125000
  6.533  3.73719624e-09  1.39666357e-17  0.00000000e+00   21.342222
  6.567  3.01949853e-09  9.11737139e-18  0.00000000e+00   21.560556
  6.600  2.43685671e-09  5.93827064e-18  0.00000000e+00   21.780000
  6.633  1.96440725e-09  3.85889583e-18  0.00000000e+00   22.000556
  6.667  1.58175617e-09  2.50195257e-18  0.00000000e+00   22.222222
  6.700  1.27219630e-09  1.61848343e-18  0.00000000e+00   22.445000
  6.733  1.02205769e-09  1.04460193e-18  0.00000000e+00   22.668889
  6.767  8.20169268e-10  6.72677629e-19  0.00000000e+00   22.893889
  6.800  6.57413282e-10  4.32192224e-19  0.00000000e+00   23.120000
  6.833  5.26357070e-10  2.77051765e-19  0.00000000e+00   23.347222
  6.867  4.20949068e-10  1.77198118e-19  0.00000000e+00   23.575556
  6.900  3.36268240e-10  1.13076329e-19  0.00000000e+00   23.805000
  6.933  2.68317780e-10  7.19944310e-20  0.00000000e+00   24.035556
  6.967  2.13855515e-10  4.57341812e-20  0.00000000e+00   24.267222
  7.000  1.70254639e-10  2.89866420e-20  0.00000000e+00   24.500000
  7.033  1.35389518e-10  1.83303216e-20  0.00000000e+00   24.733889
  7.067  1.07542175e-10  1.15653194e-20  0.00000000e+00   24.968889
  7.100  8.53257992e-11  7.28049200e-21  0.00000000e+00   25.205000
  7.133  6.76222751e-11  4.57277209e-21  0.00000000e+00   25.442222
  7.167  5.35312207e-11  2.86559159e-21  0.00000000e+00   25.680556
  7.200  4.23284687e-11  1.79169926e-21  0.00000000e+00   25.920000
  7.233  3.34322877e-11  1.11771786e-21  0.00000000e+00   26.160556
  7.267  2.63759341e-11  6.95689900e-22  0.00000000e+00   26.402222
  7.300  2.07853767e-11  4.32031886e-22  0.00000000e+00   26.645000
  7.333  1.63612444e-11  2.67690319e-22  0.00000000e+00   26.888889
  7.367  1.28642132e-11  1.65487980e-22  0.00000000e+00   27.133889
  7.400  1.01031934e-11  1.02074517e-22  0.00000000e+00   27.380000
  7.433  7.92579306e-12  6.28181956e-23  0.00000000e+00   27.627222
  7.467  6.21062766e-12  3.85718959e-23  0.00000000e+00   27.875556
  7.500  4.86112777e-12  2.36305632e-23  0.00000000e+00   28.125000
  7.533  3.80055862e-12  1.44442458e-23  0.00000000e+00   28.375556
  7.567  2.96801961e-12  8.80914040e-24  0.00000000e+00   28.627222
  7.600  2.31523512e-12  5.36031367e-24  0.00000000e+00   28.880000
  7.633  1.80398332e-12  3.25435581e-24  0.00000000e+00   29.133889
  7.667  1.40403872e-12  1.97132472e-24  0.00000000e+00   29.388889
  7.700  1.09152798e-12  1.19143334e-24  0.00000000e+00   29.645000
  7.733  8.47617584e-13  7.18455568e-25  0.00000000e+00   29.902222
  7.767  6.57467674e-13  4.32263742e-25  0.00000000e+00   30.160556
  7.800  5.09399229e-13  2.59487575e-25  0.00000000e+00   30.420000
  7.833  3.94231809e-13  1.55418719e-25  0.00000000e+00   30.680556
  7.867  3.04757645e-13  9.28772221e-26  0.00000000e+00   30.942222
  7.900  2.35324524e-13  5.53776314e-26  0.00000000e+00   31.205000
  7.933  1.81505365e-13  3.29441974e-26  0.00000000e+00   31.468889
  7.967  1.39836809e-13  1.95543333e-26  0.00000000e+00   31.733889
  8.000  1.07612662e-13  1.15804850e-26  0.00000000e+00   32.000000
  8.033  8.27208770e-14  6.84274349e-27  0.00000000e+00   32.267222
  8.067  6.35150783e-14  4.03416517e-27  0.00000000e+00   32.535556
  8.100  4.87134130e-14  2.37299661e-27  0.00000000e+00   32.805000
  8.133  3.73190305e-14  1.39271004e-27  0.00000000e+00   33.075556
  8.167  2.85576377e-14  8.15538671e-28  0.00000000e+00   33.347222
  8.200  2.18285254e-14  4.76484521e-28  0.00000000e+00   33.620000
  8.233  1.66662068e-14  2.77762451e-28  0.00000000e+00   33.893889
  8.267  1.27104066e-14  1.61554437e-28  0.00000000e+00   34.168889
  8.300  9.68261105e-15  9.37529567e-29  0.00000000e+00   34.445000
  8.333  7.36776812e-15  5.42840071e-29  0.00000000e+00   34.722222
  8.367  5.60002400e-15  3.13602688e-29  0.00000000e+00   35.000556
  8.400  4.25161919e-15  1.80762657e-29  0.00000000e+00   35.280000
  8.433  3.22425524e-15  1.03958219e-29  0.00000000e+00   35.560556
  8.467  2.44239054e-15  5.96527155e-30  0.00000000e+00   35.842222
  8.500  1.84804055e-15  3.41525386e-30  0.00000000e+00   36.125000
  8.533  1.39674982e-15  1.95091007e-30  0.00000000e+00   36.408889
  8.567  1.05447564e-15  1.11191888e-30  0.00000000e+00   36.693889
  8.600  7.95179772e-16  6.32310870e-31  0.00000000e+00   36.980000
  8.633  5.98969893e-16  3.58764932e-31  0.00000000e+00   37.267222
  8.667  4.50666845e-16  2.03100606e-31  0.00000000e+00   37.555556
  8.700  3.38701579e-16  1.14718760e-31  0.00000000e+00   37.845000
  8.733  2.54266929e-16  6.46516712e-32  0.00000000e+00   38.135556
  8.767  1.90666163e-16  3.63535857e-32  0.00000000e+00   38.427222
  8.800  1.42813255e-16  2.03956257e-32  0.00000000e+00   38.720000
  8.833  1.06850016e-16  1.14169260e-32  0.00000000e+00   39.013889
  8.867  7.98531225e-17  6.37652117e-33  0.00000000e+00   39.308889
  8.900  5.96101881e-17  3.55337453e-33  0.00000000e+00   39.605000
  8.933  4.44488374e-17  1.97569915e-33  0.00000000e+00   39.902222
  8.967  3.31063796e-17  1.09603237e-33  0.00000000e+00   40.200556
  9.000  2.46305657e-17  6.06664768e-34  0.00000000e+00   40.500000
  9.033  1.83041068e-17  3.35040326e-34  0.00000000e+00   40.800556
  9.067  1.35873322e-17  1.84615598e-34  0.00000000e+00   41.102222
  9.100  1.00746830e-17  1.01499238e-34  0.00000000e+00   41.405000
  9.133  7.46174099e-18  5.56775786e-35  0.00000000e+00   41.708889
  9.167  5.52027317e-18  3.04734159e-35  0.00000000e+00   42.013889
  9.200  4.07936557e-18  1.66412234e-35  0.00000000e+00   42.320000
  9.233  3.01117759e-18  9.06719048e-36  0.00000000e+00   42.627222
  9.267  2.22019858e-18  4.92928175e-36  0.00000000e+00   42.935556
  9.300  1.63515522e-18  2.67373259e-36  0.00000000e+00   43.245000
  9.333  1.20292301e-18  1.44702377e-36  0.00000000e+00   43.555556
  9.367  8.83951176e-19  7.81369681e-37  0.00000000e+00   43.867222
  9.400  6.48828811e-19  4.20978826e-37  0.00000000e+00   44.180000
  9.433  4.75710765e-19  2.26300732e-37  0.00000000e+00   44.493889
  9.467  3.48390302e-19  1.21375803e-37  0.00000000e+00   44.808889
  9.500  2.54857762e-19  6.49524788e-38  0.00000000e+00   45.125000
  9.533  1.86223959e-19  3.46793629e-38  0.00000000e+00   45.442222
  9.567  1.35916984e-19  1.84734265e-38  0.00000000e+00   45.760556
  9.600  9.90836850e-20  9.81757664e-39  0.00000000e+00   46.080000
  9.633  7.21441971e-20  5.20478518e-39  0.00000000e+00   46.400556
  9.667  5.24607621e-20  2.75213156e-39  0.00000000e+00   46.722222
  9.700  3.80917948e-20  1.45098483e-39  0.00000000e+00   47.045000
  9.733  2.76094410e-20  7.62281232e-40  0.00000000e+00   47.368889
  9.767  1.99643585e-20  3.98575610e-40  0.00000000e+00   47.693889
  9.800  1.43855619e-20  2.06944390e-40  0.00000000e+00   48.020000
  9.833  1.03062492e-20  1.06218772e-40  0.00000000e+00   48.347222
  9.867  7.30882637e-21  5.34189429e-41  0.00000000e+00   48.675556
  9.900  5.08405473e-21  2.58476125e-41  0.00000000e+00   49.005000
  9.933  3.40051336e-21  1.15634911e-41  0.00000000e+00   49.335556
  9.967  2.08149648e-21  4.33262758e-42  0.00000000e+00   49.667222
 10.000  9.87135233e-22  9.74435968e-43  0.00000000e+00   50.000000
