0	    1.168980433788509e+00
1	    1.806370524700210e+00
2	    2.830942827046069e+00
3	    4.025403907819236e+00
4	    5.367323703510312e+00
5	    6.830400491387689e+00
6	    8.398386979960296e+00
7	    1.005948886202551e+01
8	    1.180473995027858e+01
9	    1.362705261610200e+01
10	    1.552065144294250e+01
11	    1.748073739839152e+01
12	    1.950323364293532e+01
13	    2.158464202073973e+01
14	    2.372189497903696e+01
15	    2.591231828187683e+01
16	    2.815350552597823e+01
17	    3.044333796293332e+01
18	    3.277987669505823e+01
19	    3.516137249014781e+01
20	    3.758623007787206e+01
21	    4.005298749181880e+01
22	    4.256029903032444e+01
23	    4.510692107917274e+01
24	    4.769170022197702e+01
25	    5.031356320146227e+01
26	    5.297153923736865e+01
27	    5.566463574875125e+01
28	    5.839199776012468e+01
29	    6.115283747513944e+01
30	    6.394630527935917e+01
31	    6.677173801793535e+01
32	    6.962836407815666e+01
33	    7.251560296430310e+01
34	    7.543274265959809e+01
35	    7.837927930579329e+01
36	    8.135454365479308e+01
37	    8.435810541739980e+01
38	    8.738938886365736e+01
39	    9.044783954791180e+01
40	    9.353310990827194e+01
41	    9.664468036198974e+01
42	    9.978211481757759e+01
43	    1.029449259792686e+02
44	    1.061328553412485e+02
45	    1.093454413061330e+02
46	    1.125823105757640e+02
47	    1.158431032832978e+02
48	    1.191273838172775e+02
49	    1.224349972047901e+02
50	    1.257655279521361e+02
51	    1.291186625674059e+02
52	    1.324940976451810e+02
53	    1.358915393369196e+02
54	    1.393107028568590e+02
55	    1.427513120208571e+02
56	    1.462130988160158e+02
57	    1.496958029985082e+02
58	    1.531991717177991e+02
59	    1.567229591653109e+02
60	    1.602669262455805e+02
61	    1.638308402696348e+02
62	    1.674144746671658e+02
63	    1.710176087182775e+02
64	    1.746400273019442e+02
65	    1.782815206613233e+02
66	    1.819418841839701e+02
67	    1.856209181958424e+02
68	    1.893184277690925e+02
69	    1.930342225413514e+02
70	    1.967681165457363e+02
71	    2.005199280515835e+02
72	    2.042896803205618e+02
73	    2.080768126425247e+02
74	    2.118813404511538e+02
75	    2.157030971772436e+02
76	    2.195419198096502e+02
77	    2.233976487839368e+02
78	    2.272703494632293e+02
79	    2.311594474809894e+02
80	    2.350649902277849e+02
81	    2.389868304362622e+02
82	    2.429248238248252e+02
83	    2.468788290073825e+02
84	    2.508489763468725e+02
85	    2.548346158679419e+02
86	    2.588358543397460e+02
87	    2.628525607200747e+02
88	    2.668848863189011e+02
89	    2.709321762104216e+02
90	    2.749945483638313e+02
91	    2.790718811118963e+02
92	    2.831643557745419e+02
93	    2.872712893326527e+02
94	    2.913928219547990e+02
95	    2.955288405988368e+02
96	    2.996795681867582e+02
97	    3.038442641661886e+02
98	    3.080231063675177e+02
99	    3.122159897485996e+02
100	    3.164231886620365e+02
101	    3.206438778798213e+02
102	    3.248782883767316e+02
103	    3.291267092094303e+02
104	    3.333883094614819e+02
105	    3.376633241630968e+02
106	    3.419520607735944e+02
107	    3.462536731839523e+02
108	    3.505684055446826e+02
109	    3.548965890748407e+02
110	    3.592373489194229e+02
111	    3.635909459592561e+02
112	    3.679577412878278e+02
113	    3.723368154948321e+02
114	    3.767284554200719e+02
115	    3.811330578151635e+02
116	    3.855496428730722e+02
117	    3.899785330628290e+02
118	    3.944201650666104e+02
119	    3.988734852822090e+02
120	    4.033393423322440e+02
121	    4.078167691645789e+02
122	    4.123060752008574e+02
123	    4.168077280115117e+02
124	    4.213206504814732e+02
125	    4.258452180879445e+02
126	    4.303819508721857e+02
127	    4.349296588900135e+02
128	    4.394893538763088e+02
129	    4.440599027385778e+02
130	    4.486417095761840e+02
131	    4.532353456396808e+02
132	    4.578395380313170e+02
133	    4.624553951742788e+02
134	    4.670816861325740e+02
135	    4.717194700116648e+02
136	    4.763675776167631e+02
137	    4.810264241249141e+02
138	    4.856966464460465e+02
139	    4.903768791593603e+02
140	    4.950683363524926e+02
141	    4.997696835484023e+02
142	    5.044821003902197e+02
143	    5.092042943832062e+02
144	    5.139374004954082e+02
145	    5.186801773470181e+02
146	    5.234330688362004e+02
147	    5.281968063067934e+02
148	    5.329698776493542e+02
149	    5.377536629158299e+02
150	    5.425466584072358e+02
151	    5.473502362276811e+02
152	    5.521629032770859e+02
153	    5.569860223229548e+02
154	    5.618181112681650e+02
155	    5.666605239487146e+02
156	    5.715117878928140e+02
157	    5.763732501727866e+02
158	    5.812434448408849e+02
159	    5.861237160522010e+02
160	    5.910125996687291e+02
161	    5.959114423181400e+02
162	    6.008187755031547e+02
163	    6.057351518472192e+02
164	    6.106615007600110e+02
165	    6.155959679198238e+02
166	    6.205403088785106e+02
167	    6.254926344372525e+02
168	    6.304547380708029e+02
169	    6.354255481450630e+02
170	    6.404043310873562e+02
171	    6.453925658584160e+02
172	    6.503886349971026e+02
173	    6.553940718869935e+02
174	    6.604072009831837e+02
175	    6.654296192249326e+02
176	    6.704595841523449e+02
177	    6.754987646103723e+02
178	    6.805453433582577e+02
179	    6.856010683572017e+02
180	    6.906640410377265e+02
181	    6.957360942016433e+02
182	    7.008152430578969e+02
183	    7.059034091623450e+02
184	    7.109985185736325e+02
185	    7.161025834125207e+02
186	    7.212134398929011e+02
187	    7.263331901623976e+02
188	    7.314595823491231e+02
189	    7.365948055502292e+02
190	    7.417375963303400e+02
191	    7.468870085390176e+02
192	    7.520449727252590e+02
193	    7.572093808166519e+02
194	    7.623823082594095e+02
195	    7.675615066964592e+02
196	    7.727491875700857e+02
197	    7.779429730160182e+02
198	    7.831451977976626e+02
199	    7.883545171563544e+02
200	    7.935699285077385e+02
201	    7.987935035855728e+02
202	    8.040229716045717e+02
203	    8.092605934903484e+02
204	    8.145039212328886e+02
205	    8.197553810155462e+02
206	    8.250135693786685e+02
207	    8.302774625283230e+02
208	    8.355492078389777e+02
209	    8.408264365186114e+02
210	    8.461115292448239e+02
211	    8.514019034753680e+02
212	    8.567001339736007e+02
213	    8.620047467311185e+02
214	    8.673146244586214e+02
215	    8.726320985076284e+02
216	    8.779546050390466e+02
217	    8.832847290966718e+02
218	    8.886196817732452e+02
219	    8.939622446056453e+02
220	    8.993108614497573e+02
221	    9.046642529702119e+02
222	    9.100250336650977e+02
223	    9.153903637084015e+02
224	    9.207630947231328e+02
225	    9.261416257951723e+02
226	    9.315246559886127e+02
227	    9.369148644597697e+02
228	    9.423093302332325e+02
229	    9.477109998212984e+02
230	    9.531182230543832e+02
231	    9.585296465545132e+02
232	    9.639480586672985e+02
233	    9.693704204888738e+02
234	    9.747998022016943e+02
235	    9.802344984231920e+02
236	    9.856730715378676e+02
237	    9.911184645263495e+02
238	    9.965689871813167e+02
239	    1.002023352939782e+03
240	    1.007484302530597e+03
241	    1.012948784879140e+03
242	    1.018419934783125e+03
243	    1.023895987646375e+03
244	    1.029375508738797e+03
245	    1.034861491335308e+03
246	    1.040350652154783e+03
247	    1.045846338578338e+03
248	    1.051346712102293e+03
249	    1.056850171703613e+03
250	    1.062359991652596e+03
251	    1.067874341103349e+03
252	    1.084441655613801e+03
253	    1.078915306500756e+03
254	    1.095511494232210e+03
255	    1.089974343556215e+03
256	    1.106597816911727e+03
257	    1.101051451812467e+03
258	    1.117702889521730e+03
259	    1.112148791625419e+03
260	    1.128829927859670e+03
261	    1.123263804551570e+03
262	    1.139978118853324e+03
263	    1.134400058923695e+03
